#Sample	CR	autosomal_het	x_het
#stats from 101/210 SNPs with CR >= 95%
plate03_A02_s000200	1.000000	0.1556	0.2857
plate04_H08_s000351	1.000000	0.2667	0.0179
plate09_A08_s000824	1.000000	0.2000	0.0357
plate11_G04_s000990	1.000000	0.1111	0.2321
plate08_E07_s000724	1.000000	0.2667	0.0179
plate04_B02_s000297	1.000000	0.3333	0.0000
plate03_H04_s000223	1.000000	0.2889	0.0000
plate04_B01_s000289	1.000000	0.2222	0.3929
plate03_E11_s000276	1.000000	0.2000	0.2143
plate04_F11_s000373	1.000000	0.2889	0.0357
plate02_E02_s000108	0.990099	0.2500	0.0000
plate05_G08_s000446	0.990099	0.3111	0.0364
plate02_F03_s000117	0.990099	0.2955	0.0536
plate08_C01_s000674	0.990099	0.4091	0.0000
plate05_E07_s000436	0.990099	0.3111	0.0000
plate07_H12_s000671	0.990099	0.3111	0.2182
plate05_B07_s000433	0.990099	0.3333	0.3091
plate02_B01_s000097	0.990099	0.3182	0.0357
plate05_C10_s000458	0.990099	0.2444	0.4000
plate10_B06_s000905	0.990099	0.2667	0.2545
plate01_C12_s000090	0.990099	0.2667	0.2182
plate07_E11_s000660	0.990099	0.2500	0.2679
plate01_G09_s000070	0.990099	0.3333	0.0182
plate06_E02_s000492	0.990099	0.2273	0.2500
plate10_F09_s000933	0.990099	0.3864	0.0357
plate10_E10_s000940	0.990099	0.2667	0.2364
plate10_B11_s000945	0.990099	0.3409	0.2500
plate01_H06_s000047	0.990099	0.2222	0.2727
plate03_D08_s000251	0.990099	0.2500	0.0179
plate09_F03_s000789	0.990099	0.1818	0.0000
plate09_B03_s000785	0.990099	0.3182	0.0357
plate03_D07_s000243	0.990099	0.3556	0.2727
plate09_D02_s000779	0.990099	0.1591	0.2321
plate08_H11_s000759	0.990099	0.2727	0.2321
plate04_D02_s000299	0.990099	0.2444	0.2364
plate03_D03_s000211	0.990099	0.2000	0.0364
plate03_B03_s000209	0.990099	0.2000	0.2000
plate04_C04_s000314	0.990099	0.2000	0.2000
plate08_A09_s000736	0.990099	0.3111	0.1818
plate09_D09_s000835	0.990099	0.3636	0.0357
plate08_H07_s000727	0.990099	0.2667	0.2182
plate02_E09_s000164	0.990099	0.2889	0.0182
plate05_E01_s000388	0.990099	0.2727	0.1964
plate02_H07_s000151	0.990099	0.2222	0.0364
plate02_H06_s000143	0.990099	0.2273	0.0000
plate10_H01_s000871	0.990099	0.1818	0.2679
plate07_A06_s000616	0.990099	0.2727	0.0179
plate11_B04_s000985	0.990099	0.2000	0.0182
plate06_E07_s000532	0.990099	0.3111	0.0364
plate10_G12_s000958	0.990099	0.2889	0.0000
plate07_D04_s000603	0.990099	0.2444	0.3091
plate07_G05_s000614	0.990099	0.2889	0.0182
plate11_C02_s000970	0.990099	0.2444	0.0364
plate07_B02_s000585	0.990099	0.2889	0.1636
plate07_E06_s000620	0.990099	0.2273	0.0357
plate04_E09_s000356	0.980198	0.2791	0.0179
plate05_H01_s000391	0.980198	0.2955	0.0182
plate09_G11_s000854	0.980198	0.2444	0.0370
plate06_H09_s000551	0.980198	0.2667	0.2222
plate02_F10_s000173	0.980198	0.2955	0.2182
plate09_E11_s000852	0.980198	0.3023	0.2321
plate08_D07_s000723	0.980198	0.2222	0.0926
plate11_G02_s000974	0.980198	0.2045	0.1636
plate08_C07_s000722	0.980198	0.1163	0.2500
plate04_E11_s000372	0.980198	0.1395	0.1429
plate11_A03_s000976	0.980198	0.2500	0.3818
plate08_C06_s000714	0.980198	0.3256	0.0179
plate02_H09_s000167	0.980198	0.2273	0.0364
plate08_B07_s000721	0.980198	0.1395	0.1429
plate04_D10_s000363	0.980198	0.3182	0.0000
plate02_G04_s000126	0.980198	0.3111	0.0000
plate08_D02_s000683	0.980198	0.1818	0.0364
plate10_E02_s000876	0.980198	0.1778	0.1667
plate05_C06_s000426	0.980198	0.2444	0.2037
plate08_C03_s000690	0.980198	0.1364	0.0182
plate05_D05_s000419	0.980198	0.2727	0.0545
plate08_H03_s000695	0.980198	0.2667	0.2407
plate08_A04_s000696	0.980198	0.2000	0.2778
plate10_C01_s000866	0.980198	0.1860	0.0000
plate08_C04_s000698	0.980198	0.4545	0.1818
plate08_F04_s000701	0.980198	0.3111	0.0370
plate09_G12_s000862	0.980198	0.3636	0.0364
plate09_F12_s000861	0.980198	0.1333	0.2963
plate09_E12_s000860	0.980198	0.2727	0.2000
plate05_F02_s000397	0.980198	0.3023	0.2857
plate05_C02_s000394	0.980198	0.2500	0.0182
plate09_B12_s000857	0.980198	0.1591	0.3818
plate08_H09_s000743	0.980198	0.2955	0.2182
plate08_E10_s000748	0.980198	0.2667	0.0185
plate04_F02_s000301	0.980198	0.1778	0.0185
plate07_B04_s000601	0.980198	0.2955	0.0182
plate04_A02_s000296	0.980198	0.1364	0.0182
plate03_G04_s000222	0.980198	0.1818	0.2364
plate06_A12_s000568	0.980198	0.2889	0.0000
plate03_F12_s000285	0.980198	0.2273	0.0182
plate08_D12_s000763	0.980198	0.1364	0.2727
plate08_F12_s000765	0.980198	0.3409	0.1091
plate09_E01_s000772	0.980198	0.3182	0.2545
plate01_F01_s000005	0.980198	0.2727	0.2182
plate03_E06_s000236	0.980198	0.2093	0.0179
plate01_E01_s000004	0.980198	0.2727	0.2182
plate03_C10_s000266	0.980198	0.2326	0.1964
plate03_F09_s000261	0.980198	0.2045	0.0182
plate07_A03_s000592	0.980198	0.2500	0.0182
plate03_A09_s000256	0.980198	0.3333	0.1852
plate09_B10_s000841	0.980198	0.2889	0.0556
plate02_C11_s000178	0.980198	0.1136	0.1636
plate04_D09_s000355	0.980198	0.3864	0.0000
plate07_C05_s000610	0.980198	0.3409	0.2000
plate04_A08_s000344	0.980198	0.2667	0.1852
plate04_H07_s000343	0.980198	0.3111	0.0370
plate08_H08_s000735	0.980198	0.2500	0.0182
plate06_F10_s000557	0.980198	0.2444	0.3704
plate04_C06_s000330	0.980198	0.2000	0.2222
plate04_A06_s000328	0.980198	0.1778	0.2037
plate04_H05_s000327	0.980198	0.2444	0.0370
plate04_E05_s000324	0.980198	0.2791	0.0000
plate04_C05_s000322	0.980198	0.3864	0.0545
plate03_B02_s000201	0.980198	0.1778	0.2222
plate09_G08_s000830	0.980198	0.1818	0.2727
plate09_F08_s000829	0.980198	0.1778	0.0000
plate04_A04_s000312	0.980198	0.2791	0.0000
plate01_G02_s000014	0.980198	0.3409	0.2545
plate07_C04_s000602	0.980198	0.1778	0.2222
plate01_C10_s000074	0.980198	0.3409	0.0182
plate01_D10_s000075	0.980198	0.2727	0.1636
plate05_D12_s000475	0.980198	0.2889	0.0370
plate06_G07_s000534	0.980198	0.1591	0.2545
plate10_G07_s000918	0.980198	0.1628	0.0179
plate05_A12_s000472	0.980198	0.2955	0.0000
plate01_B11_s000081	0.980198	0.2727	0.0000
plate01_C11_s000082	0.980198	0.2093	0.1607
plate01_D11_s000083	0.980198	0.2093	0.2679
plate05_D11_s000467	0.980198	0.3182	0.0000
plate01_H11_s000087	0.980198	0.2273	0.0182
plate05_C11_s000466	0.980198	0.2889	0.0185
plate10_A07_s000912	0.980198	0.1364	0.3818
plate05_E10_s000460	0.980198	0.2667	0.0185
plate10_A06_s000904	0.980198	0.2500	0.0000
plate11_E01_s000964	0.980198	0.2500	0.0545
plate07_B07_s000625	0.980198	0.2558	0.0179
plate06_G05_s000518	0.980198	0.2273	0.0182
plate10_E12_s000956	0.980198	0.3556	0.2963
plate07_F08_s000637	0.980198	0.4318	0.0364
plate06_D05_s000515	0.980198	0.2273	0.2182
plate07_B09_s000641	0.980198	0.2727	0.2727
plate06_D04_s000507	0.980198	0.2955	0.0000
plate06_B04_s000505	0.980198	0.2727	0.2364
plate06_F03_s000501	0.980198	0.2727	0.0182
plate06_G06_s000526	0.980198	0.3333	0.0370
plate06_D03_s000499	0.980198	0.2273	0.1455
plate07_G09_s000646	0.980198	0.2955	0.3273
plate10_B10_s000937	0.980198	0.2955	0.2364
plate06_G02_s000494	0.980198	0.2558	0.2143
plate07_B10_s000649	0.980198	0.3023	0.0000
plate10_G08_s000926	0.980198	0.2667	0.2593
plate07_D07_s000627	0.980198	0.2045	0.0000
plate06_D01_s000483	0.980198	0.2222	0.0185
plate06_B01_s000481	0.980198	0.3023	0.4286
plate05_D08_s000443	0.980198	0.2444	0.2222
plate01_H04_s000031	0.980198	0.1364	0.2909
plate10_D04_s000891	0.980198	0.2326	0.0357
plate05_A09_s000448	0.980198	0.2045	0.0182
plate07_F06_s000621	0.980198	0.3023	0.1786
plate05_B09_s000449	0.980198	0.2444	0.0370
plate01_B05_s000033	0.980198	0.2273	0.1636
plate11_A02_s000968	0.980198	0.2045	0.3273
plate10_E03_s000884	0.980198	0.2000	0.0000
plate10_A03_s000880	0.980198	0.2955	0.0545
plate05_G09_s000454	0.980198	0.2045	0.0182
plate02_G01_s000102	0.980198	0.2955	0.2364
plate10_D05_s000899	0.980198	0.2955	0.1818
plate10_H02_s000879	0.980198	0.2444	0.1481
plate02_D04_s000123	0.980198	0.2500	0.2364
plate07_E03_s000596	0.970297	0.2444	0.2642
plate05_G06_s000430	0.970297	0.3111	0.0189
plate09_C03_s000786	0.970297	0.2558	0.3273
plate05_C05_s000418	0.970297	0.3778	0.0000
plate04_G01_s000294	0.970297	0.2273	0.0185
plate06_A09_s000544	0.970297	0.1778	0.1887
plate07_A04_s000600	0.970297	0.3333	0.3208
plate09_D03_s000787	0.970297	0.2222	0.0000
plate05_B08_s000441	0.970297	0.2667	0.0189
plate06_H02_s000495	0.970297	0.3409	0.0185
plate07_E01_s000580	0.970297	0.1628	0.0000
plate05_C04_s000410	0.970297	0.3953	0.0000
plate08_D10_s000747	0.970297	0.3636	0.0000
plate04_C03_s000306	0.970297	0.2667	0.0000
plate07_A10_s000648	0.970297	0.2955	0.0370
plate06_C02_s000490	0.970297	0.2444	0.0189
plate04_G03_s000310	0.970297	0.2045	0.0000
plate07_G08_s000638	0.970297	0.2619	0.0179
plate08_F02_s000685	0.970297	0.2326	0.0182
plate09_H01_s000775	0.970297	0.1364	0.3519
plate03_A11_s000272	0.970297	0.2143	0.2321
plate03_H09_s000263	0.970297	0.2727	0.0000
plate08_C02_s000682	0.970297	0.2791	0.0364
plate03_B11_s000273	0.970297	0.3111	0.3396
plate03_C11_s000274	0.970297	0.2955	0.2037
plate07_C09_s000642	0.970297	0.2444	0.0377
plate07_H07_s000631	0.970297	0.1556	0.2830
plate06_G03_s000502	0.970297	0.2857	0.2500
plate03_E09_s000260	0.970297	0.2889	0.1132
plate03_H12_s000287	0.970297	0.2045	0.2222
plate09_H02_s000783	0.970297	0.2500	0.1667
plate04_A01_s000288	0.970297	0.1818	0.2222
plate07_D03_s000595	0.970297	0.2222	0.0000
plate07_C01_s000578	0.970297	0.2500	0.0185
plate04_C01_s000290	0.970297	0.2500	0.0556
plate04_E08_s000348	0.970297	0.1591	0.0000
plate07_F11_s000661	0.970297	0.2045	0.0000
plate04_A09_s000352	0.970297	0.2727	0.0741
plate05_E11_s000468	0.970297	0.2558	0.2364
plate08_A01_s000672	0.970297	0.2558	0.2364
plate05_B02_s000393	0.970297	0.2791	0.0364
plate05_F10_s000461	0.970297	0.2500	0.2593
plate06_G09_s000550	0.970297	0.2955	0.2778
plate07_C07_s000626	0.970297	0.2444	0.2642
plate06_A08_s000536	0.970297	0.3182	0.0741
plate05_G01_s000390	0.970297	0.3636	0.3148
plate04_F10_s000365	0.970297	0.2326	0.0182
plate07_C12_s000666	0.970297	0.2558	0.3091
plate06_C08_s000538	0.970297	0.3333	0.0189
plate04_D11_s000371	0.970297	0.2857	0.0000
plate04_H12_s000383	0.970297	0.2326	0.1636
plate07_D12_s000667	0.970297	0.2143	0.2500
plate07_G12_s000670	0.970297	0.3182	0.0000
plate08_B06_s000713	0.970297	0.1628	0.2727
plate08_E05_s000708	0.970297	0.2955	0.2778
plate04_F12_s000381	0.970297	0.2500	0.3148
plate08_D01_s000675	0.970297	0.2444	0.1887
plate05_G03_s000406	0.970297	0.2143	0.0000
plate04_B04_s000313	0.970297	0.3953	0.1818
plate07_F10_s000653	0.970297	0.1591	0.2037
plate05_E03_s000404	0.970297	0.2326	0.0182
plate04_D04_s000315	0.970297	0.2889	0.2642
plate05_F08_s000445	0.970297	0.1667	0.1786
plate04_E04_s000316	0.970297	0.3333	0.0179
plate07_H04_s000607	0.970297	0.1818	0.0185
plate04_H04_s000319	0.970297	0.2500	0.2407
plate07_A11_s000656	0.970297	0.2326	0.0182
plate04_G05_s000326	0.970297	0.3182	0.0185
plate08_G04_s000702	0.970297	0.2791	0.0364
plate05_H08_s000447	0.970297	0.2500	0.0000
plate08_C09_s000738	0.970297	0.2791	0.0545
plate07_G06_s000622	0.970297	0.2143	0.2321
plate04_F06_s000333	0.970297	0.1667	0.0000
plate08_E08_s000732	0.970297	0.4091	0.4259
plate04_F07_s000341	0.970297	0.3111	0.3208
plate06_C10_s000554	0.970297	0.2326	0.2545
plate08_B01_s000673	0.970297	0.2791	0.2364
plate04_C08_s000346	0.970297	0.2045	0.0185
plate01_H12_s000095	0.970297	0.2273	0.2407
plate10_E11_s000948	0.970297	0.3111	0.2264
plate01_B07_s000049	0.970297	0.2500	0.1852
plate02_D01_s000099	0.970297	0.2444	0.2075
plate03_E02_s000204	0.970297	0.2143	0.0357
plate09_B11_s000849	0.970297	0.2791	0.0000
plate09_E08_s000828	0.970297	0.2955	0.0185
plate10_B05_s000897	0.970297	0.2558	0.0182
plate03_C03_s000210	0.970297	0.2791	0.0364
plate01_E06_s000044	0.970297	0.1905	0.0179
plate02_C02_s000106	0.970297	0.2326	0.2364
plate03_G03_s000214	0.970297	0.2273	0.0000
plate02_D02_s000107	0.970297	0.1395	0.2000
plate10_A04_s000888	0.970297	0.3182	0.0556
plate11_A01_s000960	0.970297	0.1905	0.2679
plate01_H05_s000039	0.970297	0.2500	0.0000
plate03_D04_s000219	0.970297	0.1591	0.2593
plate02_G08_s000158	0.970297	0.2667	0.0189
plate10_G03_s000886	0.970297	0.2558	0.2000
plate09_E06_s000812	0.970297	0.2727	0.0185
plate10_D08_s000923	0.970297	0.2667	0.0189
plate10_B08_s000921	0.970297	0.4000	0.2830
plate10_H07_s000919	0.970297	0.3023	0.3273
plate02_C12_s000186	0.970297	0.2273	0.0370
plate10_A09_s000928	0.970297	0.2273	0.4074
plate01_E11_s000084	0.970297	0.1395	0.1636
plate09_H10_s000847	0.970297	0.2955	0.0370
plate10_G09_s000934	0.970297	0.2326	0.3273
plate10_C10_s000938	0.970297	0.3111	0.2453
plate10_D10_s000939	0.970297	0.2667	0.0377
plate02_F12_s000189	0.970297	0.2000	0.0189
plate01_F11_s000085	0.970297	0.2727	0.0370
plate02_G12_s000190	0.970297	0.2667	0.2453
plate10_A11_s000944	0.970297	0.3182	0.2037
plate10_E07_s000916	0.970297	0.1778	0.1698
plate01_F07_s000053	0.970297	0.3182	0.2222
plate10_C11_s000946	0.970297	0.3256	0.0364
plate03_D01_s000195	0.970297	0.2045	0.0185
plate03_F01_s000197	0.970297	0.2326	0.0000
plate10_D07_s000915	0.970297	0.2093	0.2909
plate02_A06_s000136	0.970297	0.2558	0.2000
plate01_A01_s000000	0.970297	0.2955	0.0185
plate01_B01_s000001	0.970297	0.2955	0.0185
plate09_C04_s000794	0.970297	0.2093	0.0000
plate09_E04_s000796	0.970297	0.3256	0.2364
plate11_H04_s000991	0.970297	0.2093	0.0000
plate10_C02_s000874	0.970297	0.2326	0.2727
plate02_A05_s000128	0.970297	0.2955	0.0000
plate01_A03_s000016	0.970297	0.1395	0.0000
plate11_G03_s000982	0.970297	0.3111	0.2642
plate09_D05_s000803	0.970297	0.3023	0.2727
plate03_C06_s000234	0.970297	0.2558	0.2909
plate02_C04_s000122	0.970297	0.2000	0.0000
plate01_C03_s000018	0.970297	0.1591	0.0000
plate11_F03_s000981	0.970297	0.3023	0.0364
plate11_F02_s000973	0.970297	0.2222	0.2830
plate02_E03_s000116	0.970297	0.2045	0.0185
plate03_B05_s000225	0.970297	0.3182	0.2778
plate11_E02_s000972	0.970297	0.2273	0.0185
plate03_C05_s000226	0.970297	0.2273	0.0185
plate03_F05_s000229	0.970297	0.2791	0.2545
plate10_F07_s000917	0.960396	0.3571	0.0000
plate05_E05_s000420	0.960396	0.1667	0.0000
plate02_F05_s000133	0.960396	0.1860	0.0185
plate08_G03_s000694	0.960396	0.2791	0.3519
plate07_H11_s000663	0.960396	0.1860	0.1852
plate08_F01_s000677	0.960396	0.2143	0.0545
plate10_D01_s000867	0.960396	0.2727	0.2830
plate05_H04_s000415	0.960396	0.2195	0.0000
plate05_G04_s000414	0.960396	0.2619	0.2909
plate05_F04_s000413	0.960396	0.2889	0.2885
plate02_C03_s000114	0.960396	0.3636	0.0000
plate05_E04_s000412	0.960396	0.1951	0.2500
plate01_A11_s000080	0.960396	0.3488	0.2222
plate05_B12_s000473	0.960396	0.1429	0.3091
plate01_F10_s000077	0.960396	0.3571	0.0000
plate10_A08_s000920	0.960396	0.1905	0.3273
plate05_C08_s000442	0.960396	0.1778	0.0192
plate02_B02_s000105	0.960396	0.2326	0.0185
plate08_A02_s000680	0.960396	0.2143	0.0364
plate08_B02_s000681	0.960396	0.3111	0.1538
plate05_A07_s000432	0.960396	0.1905	0.1455
plate10_G05_s000902	0.960396	0.2381	0.0364
plate05_C09_s000450	0.960396	0.1395	0.0370
plate05_F07_s000437	0.960396	0.2558	0.0185
plate02_F04_s000125	0.960396	0.2222	0.0192
plate02_C01_s000098	0.960396	0.2889	0.3269
plate02_F02_s000109	0.960396	0.2195	0.1964
plate10_A05_s000896	0.960396	0.3023	0.2037
plate02_A01_s000096	0.960396	0.1905	0.1818
plate02_B03_s000113	0.960396	0.2727	0.0189
plate05_G10_s000462	0.960396	0.3409	0.2642
plate08_H01_s000679	0.960396	0.2955	0.2642
plate07_B12_s000665	0.960396	0.1818	0.0189
plate05_A11_s000464	0.960396	0.2955	0.0377
plate10_D02_s000875	0.960396	0.2326	0.0000
plate05_A06_s000424	0.960396	0.1860	0.0370
plate08_B03_s000689	0.960396	0.1591	0.1887
plate08_G01_s000678	0.960396	0.3171	0.0000
plate07_E07_s000628	0.960396	0.2500	0.0000
plate10_H12_s000959	0.960396	0.2143	0.0000
plate01_G05_s000038	0.960396	0.2558	0.0185
plate11_D01_s000963	0.960396	0.3556	0.1731
plate01_D05_s000035	0.960396	0.2558	0.0185
plate11_H01_s000967	0.960396	0.2619	0.0182
plate01_G04_s000030	0.960396	0.2326	0.2963
plate06_G08_s000542	0.960396	0.3333	0.0000
plate01_E04_s000028	0.960396	0.1628	0.0000
plate01_D04_s000027	0.960396	0.1860	0.0185
plate07_D06_s000619	0.960396	0.2222	0.1923
plate06_D09_s000547	0.960396	0.3864	0.0377
plate06_F09_s000549	0.960396	0.3171	0.1429
plate11_C03_s000978	0.960396	0.2500	0.0189
plate06_D10_s000555	0.960396	0.2381	0.2727
plate07_A05_s000608	0.960396	0.2791	0.2593
plate06_A11_s000560	0.960396	0.2326	0.0185
plate01_H02_s000015	0.960396	0.2045	0.0189
plate01_C02_s000010	0.960396	0.2500	0.0189
plate06_F11_s000565	0.960396	0.3333	0.0364
plate06_G11_s000566	0.960396	0.2093	0.0185
plate01_B02_s000009	0.960396	0.1364	0.4151
plate01_A02_s000008	0.960396	0.1364	0.4151
plate07_F03_s000597	0.960396	0.2500	0.1509
plate01_D01_s000003	0.960396	0.2093	0.3704
plate07_G02_s000590	0.960396	0.3488	0.2407
plate07_E02_s000588	0.960396	0.2955	0.0189
plate01_C01_s000002	0.960396	0.2093	0.3704
plate07_D02_s000587	0.960396	0.2093	0.0185
plate07_G01_s000582	0.960396	0.1628	0.2407
plate10_E08_s000924	0.960396	0.2558	0.0000
plate06_F01_s000485	0.960396	0.2381	0.2545
plate06_G01_s000486	0.960396	0.3023	0.0000
plate06_H01_s000487	0.960396	0.2791	0.2037
plate07_D10_s000651	0.960396	0.1860	0.2593
plate01_E09_s000068	0.960396	0.1395	0.0000
plate10_H08_s000927	0.960396	0.3488	0.2407
plate06_F02_s000493	0.960396	0.1429	0.1455
plate01_H08_s000063	0.960396	0.2558	0.0370
plate06_E03_s000500	0.960396	0.2273	0.0189
plate10_G10_s000942	0.960396	0.3095	0.0000
plate06_H03_s000503	0.960396	0.2273	0.3019
plate01_H07_s000055	0.960396	0.2143	0.0000
plate01_D07_s000051	0.960396	0.1818	0.2642
plate06_F04_s000509	0.960396	0.2273	0.0000
plate07_H08_s000639	0.960396	0.3953	0.2222
plate06_H04_s000511	0.960396	0.2500	0.0566
plate06_A05_s000512	0.960396	0.2093	0.0185
plate06_B05_s000513	0.960396	0.2045	0.2264
plate06_E05_s000516	0.960396	0.3488	0.0000
plate10_D12_s000955	0.960396	0.1591	0.0000
plate01_G06_s000046	0.960396	0.2955	0.0566
plate06_B06_s000521	0.960396	0.1395	0.1852
plate06_C06_s000522	0.960396	0.2500	0.0189
plate06_E06_s000524	0.960396	0.2222	0.2308
plate07_G07_s000630	0.960396	0.2000	0.0000
plate06_H06_s000527	0.960396	0.1860	0.0370
plate06_A07_s000528	0.960396	0.3182	0.3585
plate06_B07_s000529	0.960396	0.2500	0.0189
plate06_C07_s000530	0.960396	0.2273	0.0000
plate08_C10_s000746	0.960396	0.2955	0.0000
plate08_A10_s000744	0.960396	0.1364	0.0377
plate04_D03_s000307	0.960396	0.2955	0.0189
plate09_H07_s000823	0.960396	0.3636	0.0377
plate04_F03_s000309	0.960396	0.0909	0.1887
plate04_H03_s000311	0.960396	0.3636	0.0000
plate03_F02_s000205	0.960396	0.2558	0.0185
plate03_C02_s000202	0.960396	0.2381	0.2727
plate04_F04_s000317	0.960396	0.1818	0.2264
plate04_G04_s000318	0.960396	0.2326	0.0556
plate03_H01_s000199	0.960396	0.2727	0.3396
plate04_A05_s000320	0.960396	0.3182	0.0189
plate03_G01_s000198	0.960396	0.2045	0.1887
plate08_D09_s000739	0.960396	0.1136	0.1887
plate03_E01_s000196	0.960396	0.1591	0.1887
plate09_H08_s000831	0.960396	0.2727	0.0000
plate04_B09_s000353	0.960396	0.2683	0.0000
plate09_A10_s000840	0.960396	0.2857	0.0364
plate04_G08_s000350	0.960396	0.2143	0.2000
plate04_F08_s000349	0.960396	0.2558	0.0741
plate09_G09_s000838	0.960396	0.3095	0.0182
plate04_D08_s000347	0.960396	0.2273	0.1887
plate08_C08_s000730	0.960396	0.2727	0.1887
plate02_D12_s000187	0.960396	0.2273	0.2264
plate09_C09_s000834	0.960396	0.1395	0.0556
plate08_F08_s000733	0.960396	0.3023	0.0185
plate04_C07_s000338	0.960396	0.1860	0.3148
plate04_H06_s000335	0.960396	0.2326	0.0185
plate04_G06_s000334	0.960396	0.1395	0.2407
plate09_A09_s000832	0.960396	0.3256	0.0185
plate03_A01_s000192	0.960396	0.3023	0.2222
plate03_B01_s000193	0.960396	0.1190	0.2364
plate04_B06_s000329	0.960396	0.2195	0.2500
plate03_B06_s000233	0.960396	0.2558	0.1852
plate09_C05_s000802	0.960396	0.2143	0.2182
plate03_G06_s000238	0.960396	0.3810	0.0364
plate09_B02_s000777	0.960396	0.2500	0.0189
plate09_C02_s000778	0.960396	0.2444	0.0000
plate09_B05_s000801	0.960396	0.1667	0.0545
plate09_F02_s000781	0.960396	0.2222	0.0192
plate03_A10_s000264	0.960396	0.3333	0.3455
plate09_G04_s000798	0.960396	0.4773	0.0755
plate09_G02_s000782	0.960396	0.1395	0.2407
plate09_F04_s000797	0.960396	0.1628	0.3148
plate09_A03_s000784	0.960396	0.2143	0.0182
plate03_G07_s000246	0.960396	0.1395	0.0370
plate09_A04_s000792	0.960396	0.3409	0.2075
plate03_G08_s000254	0.960396	0.3023	0.2963
plate03_F08_s000253	0.960396	0.2444	0.2692
plate09_H03_s000791	0.960396	0.1136	0.1698
plate09_G07_s000822	0.960396	0.3333	0.1455
plate09_F07_s000821	0.960396	0.2381	0.2909
plate09_E07_s000820	0.960396	0.2791	0.0000
plate09_D07_s000819	0.960396	0.2857	0.2182
plate04_C02_s000298	0.960396	0.2500	0.0189
plate09_B07_s000817	0.960396	0.3810	0.0182
plate08_C11_s000754	0.960396	0.2619	0.2000
plate08_F11_s000757	0.960396	0.2955	0.0377
plate04_D01_s000291	0.960396	0.1905	0.0364
plate09_D06_s000811	0.960396	0.2889	0.1923
plate09_H05_s000807	0.960396	0.3023	0.2593
plate08_C12_s000762	0.960396	0.2500	0.0000
plate03_G05_s000230	0.960396	0.4091	0.0189
plate03_C12_s000282	0.960396	0.2558	0.3889
plate09_E05_s000804	0.960396	0.1860	0.2407
plate03_A12_s000280	0.960396	0.2727	0.2830
plate03_A06_s000232	0.960396	0.1707	0.0357
plate08_D04_s000699	0.960396	0.2791	0.0000
plate02_B10_s000169	0.960396	0.2500	0.3019
plate02_A10_s000168	0.960396	0.3023	0.1667
plate05_F01_s000389	0.960396	0.3023	0.2963
plate05_A03_s000400	0.960396	0.2727	0.0377
plate02_F08_s000157	0.960396	0.2000	0.2308
plate08_F06_s000717	0.960396	0.1364	0.3019
plate02_G06_s000142	0.960396	0.2955	0.2264
plate02_G09_s000166	0.960396	0.3023	0.2407
plate05_C01_s000386	0.960396	0.1860	0.0370
plate02_F09_s000165	0.960396	0.1818	0.0377
plate02_C09_s000162	0.960396	0.2045	0.2642
plate05_B01_s000385	0.960396	0.2955	0.2830
plate04_G11_s000374	0.960396	0.2727	0.2453
plate04_H11_s000375	0.960396	0.1667	0.0545
plate02_B09_s000161	0.960396	0.1591	0.0189
plate04_G12_s000382	0.960396	0.2381	0.0182
plate02_H08_s000159	0.960396	0.2045	0.0000
plate08_A06_s000712	0.960396	0.3256	0.2593
plate02_E07_s000148	0.960396	0.1556	0.2885
plate08_F05_s000709	0.960396	0.2381	0.3091
plate09_C11_s000850	0.960396	0.2727	0.1698
plate05_D04_s000411	0.960396	0.3721	0.2407
plate05_B04_s000409	0.960396	0.2791	0.0000
plate02_B06_s000137	0.960396	0.2927	0.3393
plate05_H03_s000407	0.960396	0.1667	0.0000
plate02_D06_s000139	0.960396	0.3182	0.0000
plate04_C09_s000354	0.960396	0.2558	0.2963
plate02_D11_s000179	0.960396	0.3256	0.0370
plate08_B04_s000697	0.960396	0.1905	0.0182
plate09_E10_s000844	0.960396	0.3953	0.0185
plate02_A08_s000152	0.960396	0.1860	0.0000
plate04_G09_s000358	0.960396	0.2326	0.1296
plate08_B05_s000705	0.960396	0.2667	0.0192
plate05_E02_s000396	0.960396	0.3778	0.0192
plate02_E10_s000172	0.960396	0.2619	0.0182
plate02_D10_s000171	0.960396	0.2444	0.0000
plate04_C10_s000362	0.960396	0.3409	0.2264
plate09_D11_s000851	0.960396	0.2791	0.0370
plate05_C03_s000402	0.960396	0.3023	0.0000
plate09_D12_s000859	0.950495	0.2439	0.2545
plate07_D05_s000611	0.950495	0.3721	0.0000
plate08_A05_s000704	0.950495	0.4524	0.2778
plate11_D03_s000979	0.950495	0.3023	0.0189
plate09_D01_s000771	0.950495	0.2143	0.1852
plate10_F02_s000877	0.950495	0.2619	0.3148
plate09_B01_s000769	0.950495	0.2791	0.2642
plate10_B03_s000881	0.950495	0.2381	0.0370
plate07_A02_s000584	0.950495	0.2857	0.0926
plate07_F02_s000589	0.950495	0.2683	0.0182
plate09_D04_s000795	0.950495	0.2143	0.2222
plate10_B01_s000865	0.950495	0.2857	0.2778
plate07_B03_s000593	0.950495	0.2791	0.2075
plate07_C03_s000594	0.950495	0.3571	0.1111
plate11_C05_s000994	0.950495	0.2143	0.0370
plate10_A01_s000864	0.950495	0.1905	0.2778
plate10_A02_s000872	0.950495	0.3095	0.0185
plate09_H04_s000799	0.950495	0.2093	0.3019
plate08_A03_s000688	0.950495	0.1333	0.0196
plate11_C04_s000986	0.950495	0.3953	0.2453
plate07_F04_s000605	0.950495	0.1395	0.0189
plate08_H02_s000687	0.950495	0.2791	0.0189
plate07_G04_s000606	0.950495	0.1951	0.2727
plate09_G01_s000774	0.950495	0.2857	0.2963
plate09_H12_s000863	0.950495	0.1395	0.0377
plate09_F01_s000773	0.950495	0.2326	0.1887
plate08_G02_s000686	0.950495	0.1395	0.1887
plate08_A07_s000720	0.950495	0.3023	0.2075
plate07_D09_s000643	0.950495	0.2143	0.2222
plate07_A12_s000664	0.950495	0.1905	0.1481
plate09_A11_s000848	0.950495	0.1429	0.1852
plate08_G08_s000734	0.950495	0.2195	0.2182
plate07_E09_s000644	0.950495	0.1667	0.2037
plate07_H09_s000647	0.950495	0.2558	0.0189
plate07_G11_s000662	0.950495	0.3023	0.0189
plate10_B09_s000929	0.950495	0.2857	0.2963
plate08_D08_s000731	0.950495	0.2955	0.4231
plate09_E09_s000836	0.950495	0.2045	0.0000
plate09_F09_s000837	0.950495	0.3864	0.0000
plate09_C10_s000842	0.950495	0.2791	0.2075
plate09_H09_s000839	0.950495	0.1860	0.1887
plate07_G10_s000654	0.950495	0.2045	0.0192
plate07_D11_s000659	0.950495	0.3023	0.1887
plate07_H10_s000655	0.950495	0.2444	0.0000
plate07_C11_s000658	0.950495	0.3095	0.0185
plate07_B11_s000657	0.950495	0.2558	0.3774
plate08_A12_s000760	0.950495	0.1429	0.0185
plate10_F03_s000885	0.950495	0.1818	0.2500
plate09_A12_s000856	0.950495	0.1163	0.0000
plate07_H06_s000623	0.950495	0.2750	0.0179
plate11_G01_s000966	0.950495	0.2927	0.2364
plate09_A07_s000816	0.950495	0.1818	0.3654
plate08_C05_s000706	0.950495	0.1905	0.0370
plate08_F10_s000749	0.950495	0.2439	0.0182
plate08_D05_s000707	0.950495	0.1905	0.0185
plate10_F12_s000957	0.950495	0.2619	0.0370
plate08_G05_s000710	0.950495	0.4286	0.0926
plate09_D08_s000827	0.950495	0.2045	0.0577
plate07_B08_s000633	0.950495	0.1628	0.0000
plate07_E08_s000636	0.950495	0.2273	0.0385
plate10_C05_s000898	0.950495	0.3256	0.0000
plate08_F09_s000741	0.950495	0.2791	0.2075
plate08_E09_s000740	0.950495	0.2381	0.0000
plate08_D06_s000715	0.950495	0.1750	0.3393
plate10_F06_s000909	0.950495	0.2619	0.3889
plate08_G06_s000718	0.950495	0.2791	0.0189
plate03_D12_s000283	0.950495	0.1395	0.2642
plate03_B12_s000281	0.950495	0.2791	0.0000
plate03_F11_s000277	0.950495	0.2727	0.2500
plate03_D11_s000275	0.950495	0.2727	0.0000
plate03_H10_s000271	0.950495	0.3571	0.2222
plate03_G10_s000270	0.950495	0.1905	0.0000
plate03_F10_s000269	0.950495	0.3171	0.0182
plate03_B10_s000265	0.950495	0.2791	0.2642
plate03_D09_s000259	0.950495	0.3095	0.2222
plate03_C09_s000258	0.950495	0.2143	0.0000
plate03_C08_s000250	0.950495	0.2273	0.0192
plate03_B08_s000249	0.950495	0.1905	0.0185
plate03_A08_s000248	0.950495	0.1667	0.0185
plate03_C07_s000242	0.950495	0.2093	0.0000
plate03_H06_s000239	0.950495	0.3409	0.0000
plate03_D06_s000235	0.950495	0.3721	0.0189
plate03_D05_s000227	0.950495	0.1667	0.0000
plate03_F04_s000221	0.950495	0.2045	0.2692
plate03_B04_s000217	0.950495	0.1628	0.2075
plate03_A04_s000216	0.950495	0.2143	0.2222
plate05_A10_s000456	0.950495	0.2791	0.0000
plate05_H09_s000455	0.950495	0.3095	0.3148
plate05_C07_s000434	0.950495	0.2619	0.3148
plate05_E06_s000428	0.950495	0.2500	0.0192
plate05_G05_s000422	0.950495	0.2143	0.2222
plate05_F05_s000421	0.950495	0.2667	0.2745
plate05_F03_s000405	0.950495	0.2791	0.4151
plate05_B03_s000401	0.950495	0.2927	0.3273
plate05_H02_s000399	0.950495	0.2667	0.0196
plate05_D01_s000387	0.950495	0.1905	0.1852
plate04_H10_s000367	0.950495	0.2558	0.2642
plate04_E10_s000364	0.950495	0.1628	0.0000
plate04_H09_s000359	0.950495	0.1818	0.1538
plate04_G07_s000342	0.950495	0.2558	0.2264
plate04_D07_s000339	0.950495	0.1860	0.0189
plate04_A07_s000336	0.950495	0.2326	0.2830
plate04_E06_s000332	0.950495	0.3721	0.1321
plate04_E03_s000308	0.950495	0.3415	0.2182
plate04_A03_s000304	0.950495	0.3023	0.0189
plate04_H02_s000303	0.950495	0.1628	0.0189
plate04_G02_s000302	0.950495	0.2500	0.0192
plate02_H02_s000111	0.950495	0.3953	0.0189
plate02_G02_s000110	0.950495	0.1190	0.0185
plate01_G12_s000094	0.950495	0.3000	0.1607
plate01_F12_s000093	0.950495	0.2857	0.0000
plate01_D12_s000091	0.950495	0.3095	0.0185
plate01_B12_s000089	0.950495	0.1429	0.0185
plate01_H10_s000079	0.950495	0.2791	0.0000
plate01_G10_s000078	0.950495	0.3902	0.2182
plate01_B10_s000073	0.950495	0.4048	0.2963
plate01_D09_s000067	0.950495	0.2381	0.0185
plate01_A08_s000056	0.950495	0.2683	0.1455
plate01_G07_s000054	0.950495	0.2273	0.2692
plate01_D06_s000043	0.950495	0.2273	0.2885
plate01_C06_s000042	0.950495	0.2444	0.2549
plate01_B06_s000041	0.950495	0.1905	0.2222
plate01_A05_s000032	0.950495	0.2326	0.0000
plate01_A04_s000024	0.950495	0.2143	0.0000
plate01_G03_s000022	0.950495	0.2791	0.3019
plate01_F03_s000021	0.950495	0.1463	0.0364
plate01_E03_s000020	0.950495	0.2143	0.3148
plate03_H03_s000215	0.950495	0.2045	0.0000
plate03_A03_s000208	0.950495	0.2045	0.1731
plate03_H02_s000207	0.950495	0.2381	0.2407
plate03_G02_s000206	0.950495	0.2727	0.0385
plate03_C01_s000194	0.950495	0.2143	0.0370
plate02_H12_s000191	0.950495	0.2045	0.0192
plate02_E12_s000188	0.950495	0.1136	0.3077
plate02_A12_s000184	0.950495	0.0698	0.0189
plate02_H11_s000183	0.950495	0.1163	0.1321
plate02_A11_s000176	0.950495	0.2143	0.2222
plate02_D09_s000163	0.950495	0.3409	0.2500
plate02_C08_s000154	0.950495	0.2558	0.3396
plate02_G07_s000150	0.950495	0.2500	0.2115
plate02_D07_s000147	0.950495	0.2791	0.1698
plate02_A07_s000144	0.950495	0.2619	0.0000
plate02_F06_s000141	0.950495	0.2791	0.1698
plate02_G05_s000134	0.950495	0.2619	0.2593
plate02_E05_s000132	0.950495	0.3333	0.0370
plate02_G03_s000118	0.950495	0.1628	0.3019
plate02_D03_s000115	0.950495	0.1951	0.0000
plate02_A03_s000112	0.950495	0.4286	0.2407
plate05_H12_s000479	0.950495	0.2273	0.2308
plate06_C12_s000570	0.950495	0.2326	0.4151
plate06_B12_s000569	0.950495	0.3721	0.3396
plate05_G12_s000478	0.950495	0.3333	0.2963
plate06_E09_s000548	0.950495	0.1707	0.1455
plate06_F12_s000573	0.950495	0.4524	0.2037
plate06_G12_s000574	0.950495	0.2381	0.0000
plate06_D08_s000539	0.950495	0.2500	0.0000
plate06_C03_s000498	0.950495	0.3409	0.3077
plate06_H11_s000567	0.950495	0.3721	0.2642
plate06_D02_s000491	0.950495	0.1905	0.0370
plate05_G11_s000470	0.950495	0.3023	0.3396
plate06_D07_s000531	0.950495	0.1628	0.0000
plate06_D11_s000563	0.950495	0.1778	0.3529
plate05_F11_s000469	0.950495	0.2727	0.2115
plate06_G10_s000558	0.950495	0.1190	0.2593
plate05_B11_s000465	0.950495	0.2326	0.0566
plate06_H10_s000559	0.950495	0.3488	0.3208
plate06_D06_s000523	0.950495	0.2667	0.2941
plate07_H01_s000583	0.950495	0.2439	0.2182
plate07_F01_s000581	0.950495	0.1860	0.1887
plate06_C04_s000506	0.950495	0.1860	0.1509
plate02_C07_s000146	0.940594	0.2439	0.3704
plate10_G01_s000870	0.940594	0.2857	0.0189
plate10_F01_s000869	0.940594	0.0682	0.2549
plate02_H05_s000135	0.940594	0.2143	0.0189
plate07_H05_s000615	0.940594	0.2093	0.1731
plate09_F10_s000845	0.940594	0.2619	0.2642
plate02_C10_s000170	0.940594	0.1707	0.3519
plate02_C06_s000138	0.940594	0.2326	0.0385
plate06_A10_s000552	0.940594	0.2857	0.1887
plate07_B05_s000609	0.940594	0.4186	0.2500
plate02_A09_s000160	0.940594	0.2143	0.1698
plate02_E08_s000156	0.940594	0.2558	0.0192
plate02_D08_s000155	0.940594	0.2857	0.0189
plate02_B07_s000145	0.940594	0.2195	0.0556
plate06_B10_s000553	0.940594	0.1667	0.2264
plate02_F07_s000149	0.940594	0.2955	0.3137
plate09_F11_s000853	0.940594	0.2727	0.0000
plate06_H05_s000519	0.940594	0.2381	0.3019
plate09_E03_s000788	0.940594	0.2326	0.0000
plate09_G03_s000790	0.940594	0.2045	0.0000
plate06_A06_s000520	0.940594	0.2326	0.4231
plate07_A08_s000632	0.940594	0.1190	0.3396
plate09_B04_s000793	0.940594	0.2326	0.2885
plate03_F07_s000245	0.940594	0.3000	0.0182
plate03_A07_s000240	0.940594	0.1667	0.0189
plate09_A05_s000800	0.940594	0.3182	0.0392
plate03_F06_s000237	0.940594	0.3095	0.3019
plate03_H05_s000231	0.940594	0.2558	0.0192
plate03_E05_s000228	0.940594	0.2791	0.1923
plate09_F06_s000813	0.940594	0.2326	0.1538
plate09_G06_s000814	0.940594	0.2683	0.1296
plate03_C04_s000218	0.940594	0.1951	0.2407
plate03_F03_s000213	0.940594	0.0714	0.0377
plate03_E03_s000212	0.940594	0.2143	0.0566
plate09_B08_s000825	0.940594	0.1905	0.0377
plate06_E08_s000540	0.940594	0.1905	0.0377
plate06_F08_s000541	0.940594	0.2273	0.0196
plate03_D02_s000203	0.940594	0.2045	0.0196
plate06_H08_s000543	0.940594	0.2667	0.0200
plate07_C06_s000618	0.940594	0.2791	0.0192
plate07_B06_s000617	0.940594	0.2619	0.0189
plate02_G11_s000182	0.940594	0.1860	0.0385
plate02_E11_s000180	0.940594	0.2927	0.0185
plate02_B11_s000177	0.940594	0.2619	0.2642
plate10_F10_s000941	0.940594	0.2273	0.3333
plate10_G11_s000950	0.940594	0.2558	0.0000
plate10_H11_s000951	0.940594	0.2439	0.1667
plate10_C12_s000954	0.940594	0.3488	0.0192
plate01_A07_s000048	0.940594	0.2791	0.0000
plate01_F06_s000045	0.940594	0.0976	0.0741
plate01_A06_s000040	0.940594	0.3095	0.0000
plate11_B01_s000961	0.940594	0.4634	0.0185
plate01_F05_s000037	0.940594	0.1667	0.0189
plate01_C05_s000034	0.940594	0.3721	0.1346
plate11_B02_s000969	0.940594	0.2791	0.0000
plate01_C04_s000026	0.940594	0.2250	0.3455
plate11_D02_s000971	0.940594	0.2093	0.0192
plate01_B04_s000025	0.940594	0.2619	0.0189
plate01_H03_s000023	0.940594	0.2857	0.0189
plate11_H02_s000975	0.940594	0.3659	0.2037
plate11_B03_s000977	0.940594	0.3111	0.0400
plate11_E03_s000980	0.940594	0.2727	0.0392
plate01_D03_s000019	0.940594	0.2927	0.0000
plate11_A04_s000984	0.940594	0.2558	0.3077
plate11_E04_s000988	0.940594	0.1190	0.2264
plate11_F04_s000989	0.940594	0.2791	0.2885
plate01_H01_s000007	0.940594	0.1395	0.0192
plate11_B05_s000993	0.940594	0.3333	0.0000
plate01_G01_s000006	0.940594	0.1395	0.0192
plate10_B02_s000873	0.940594	0.2750	0.2364
plate02_B04_s000121	0.940594	0.2857	0.2830
plate02_A04_s000120	0.940594	0.1707	0.0370
plate10_C03_s000882	0.940594	0.2273	0.0392
plate02_H03_s000119	0.940594	0.2326	0.2308
plate06_B11_s000561	0.940594	0.3000	0.1818
plate07_E04_s000604	0.940594	0.1905	0.2453
plate10_C04_s000890	0.940594	0.2750	0.1818
plate10_G04_s000894	0.940594	0.2857	0.0000
plate10_E05_s000900	0.940594	0.0732	0.0185
plate10_F05_s000901	0.940594	0.3023	0.0192
plate06_E11_s000564	0.940594	0.2250	0.0000
plate10_C06_s000906	0.940594	0.2143	0.0377
plate10_E06_s000908	0.940594	0.1591	0.0392
plate01_E12_s000092	0.940594	0.2667	0.2200
plate10_H06_s000911	0.940594	0.3333	0.0377
plate07_H03_s000599	0.940594	0.2381	0.0000
plate01_A12_s000088	0.940594	0.1905	0.2642
plate01_G11_s000086	0.940594	0.3023	0.2308
plate01_E10_s000076	0.940594	0.2439	0.1852
plate01_F09_s000069	0.940594	0.3095	0.0566
plate01_B09_s000065	0.940594	0.2093	0.3462
plate01_G08_s000062	0.940594	0.2619	0.0189
plate10_A10_s000936	0.940594	0.2273	0.2157
plate01_E08_s000060	0.940594	0.1707	0.2222
plate01_D08_s000059	0.940594	0.3182	0.0196
plate06_C01_s000482	0.940594	0.1591	0.2353
plate04_A10_s000360	0.940594	0.2558	0.1154
plate08_F07_s000725	0.940594	0.2955	0.2353
plate04_E07_s000340	0.940594	0.2791	0.2885
plate06_A02_s000488	0.940594	0.3250	0.0727
plate04_B07_s000337	0.940594	0.2619	0.1698
plate04_F05_s000325	0.940594	0.2326	0.0000
plate04_B05_s000321	0.940594	0.2619	0.2264
plate08_G09_s000742	0.940594	0.3256	0.0000
plate08_B10_s000745	0.940594	0.2683	0.0185
plate06_B03_s000497	0.940594	0.1860	0.0000
plate04_E02_s000300	0.940594	0.2093	0.0192
plate08_B11_s000753	0.940594	0.2195	0.2222
plate08_D11_s000755	0.940594	0.3250	0.0364
plate04_F01_s000293	0.940594	0.2143	0.1887
plate08_G11_s000758	0.940594	0.2195	0.0185
plate04_E01_s000292	0.940594	0.2727	0.0588
plate03_G12_s000286	0.940594	0.2857	0.2264
plate08_B12_s000761	0.940594	0.2326	0.0577
plate03_E12_s000284	0.940594	0.3256	0.0000
plate05_D10_s000459	0.940594	0.1860	0.0385
plate05_B10_s000457	0.940594	0.3256	0.0385
plate07_E12_s000668	0.940594	0.1667	0.0000
plate07_F12_s000669	0.940594	0.1628	0.0577
plate05_H10_s000463	0.940594	0.3256	0.0192
plate05_F09_s000453	0.940594	0.2326	0.2115
plate05_E08_s000444	0.940594	0.1463	0.3148
plate08_E01_s000676	0.940594	0.1860	0.2308
plate05_A08_s000440	0.940594	0.1905	0.2264
plate05_H07_s000439	0.940594	0.3409	0.0000
plate05_H05_s000423	0.940594	0.2143	0.1887
plate08_D03_s000691	0.940594	0.2667	0.3200
plate08_E03_s000692	0.940594	0.2093	0.2692
plate05_D03_s000403	0.940594	0.2683	0.2037
plate05_A02_s000392	0.940594	0.1951	0.2963
plate04_E12_s000380	0.940594	0.2326	0.4038
plate04_D12_s000379	0.940594	0.2143	0.2642
plate04_B12_s000377	0.940594	0.2857	0.2830
plate04_C11_s000370	0.940594	0.2143	0.0377
plate08_E06_s000716	0.940594	0.1951	0.1111
plate04_G10_s000366	0.940594	0.1707	0.3704
plate09_A02_s000776	0.940594	0.2381	0.1887
plate08_H12_s000767	0.940594	0.2273	0.0980
plate03_G11_s000278	0.940594	0.2619	0.2830
plate07_A09_s000640	0.940594	0.2439	0.1667
plate09_E02_s000780	0.940594	0.2381	0.0189
plate06_F05_s000517	0.940594	0.2955	0.2157
plate09_C01_s000770	0.940594	0.3023	0.1731
plate03_G09_s000262	0.940594	0.2045	0.2549
plate06_A04_s000504	0.940594	0.3864	0.0000
plate06_F06_s000525	0.930693	0.2558	0.3725
plate10_D06_s000907	0.930693	0.3023	0.2157
plate08_A08_s000728	0.930693	0.2683	0.0000
plate03_H07_s000247	0.930693	0.1951	0.2453
plate04_F09_s000357	0.930693	0.3488	0.1373
plate04_A11_s000368	0.930693	0.2727	0.0200
plate10_H05_s000903	0.930693	0.1220	0.1698
plate10_D03_s000883	0.930693	0.3778	0.0204
plate06_A01_s000480	0.930693	0.3095	0.0192
plate06_H12_s000575	0.930693	0.2791	0.0196
plate08_G07_s000726	0.930693	0.3023	0.1765
plate02_F01_s000101	0.930693	0.3810	0.0000
plate07_A01_s000576	0.930693	0.2564	0.0182
plate07_F07_s000629	0.930693	0.2439	0.2642
plate06_C05_s000514	0.930693	0.1860	0.0392
plate06_E01_s000484	0.930693	0.2439	0.0377
plate10_F04_s000893	0.930693	0.2273	0.2600
plate01_E05_s000036	0.930693	0.3333	0.1923
plate04_B10_s000361	0.930693	0.2381	0.0000
plate10_B04_s000889	0.930693	0.1707	0.0189
plate09_F05_s000805	0.930693	0.2791	0.0000
plate10_H03_s000887	0.930693	0.2381	0.0000
plate03_E07_s000244	0.930693	0.3902	0.2264
plate01_C08_s000058	0.930693	0.3171	0.0189
plate05_G02_s000398	0.930693	0.1628	0.0392
plate05_A04_s000408	0.930693	0.1951	0.1887
plate10_D09_s000931	0.930693	0.1395	0.0000
plate10_C09_s000930	0.930693	0.3095	0.0192
plate08_H04_s000703	0.930693	0.2857	0.0385
plate01_C09_s000066	0.930693	0.2273	0.0000
plate01_E07_s000052	0.930693	0.3409	0.0400
plate05_D02_s000395	0.930693	0.2143	0.0192
plate10_F08_s000925	0.930693	0.2381	0.2500
plate01_H09_s000071	0.930693	0.2750	0.0185
plate01_A10_s000072	0.930693	0.3000	0.2407
plate10_C08_s000922	0.930693	0.1000	0.0000
plate10_D11_s000947	0.930693	0.3810	0.0000
plate06_G04_s000510	0.930693	0.2683	0.0189
plate01_C07_s000050	0.930693	0.2619	0.2115
plate03_B07_s000241	0.930693	0.2857	0.0192
plate04_C12_s000378	0.930693	0.2619	0.2115
plate10_F11_s000949	0.930693	0.2727	0.3200
plate05_B05_s000417	0.930693	0.1667	0.0000
plate10_B07_s000913	0.930693	0.1429	0.4038
plate08_H05_s000711	0.930693	0.2326	0.2941
plate08_F03_s000693	0.930693	0.2727	0.2400
plate10_A12_s000952	0.930693	0.2619	0.0192
plate09_C12_s000858	0.930693	0.3333	0.0192
plate07_E05_s000612	0.930693	0.2857	0.2885
plate02_B08_s000153	0.930693	0.2439	0.0000
plate09_H11_s000855	0.930693	0.2857	0.0385
plate07_F05_s000613	0.930693	0.3333	0.0192
plate03_A05_s000224	0.930693	0.2558	0.0588
plate04_B03_s000305	0.930693	0.3333	0.0385
plate06_A03_s000496	0.930693	0.3571	0.2500
plate03_E10_s000268	0.930693	0.3158	0.0179
plate02_G10_s000174	0.930693	0.1818	0.0400
plate09_G10_s000846	0.930693	0.4419	0.2941
plate05_E09_s000452	0.930693	0.2955	0.2800
plate11_D04_s000987	0.930693	0.2857	0.2885
plate06_F07_s000533	0.930693	0.2000	0.0000
plate06_C09_s000546	0.930693	0.2619	0.1923
plate03_E08_s000252	0.930693	0.3333	0.2115
plate02_B12_s000185	0.930693	0.3488	0.0000
plate03_H08_s000255	0.930693	0.1667	0.0385
plate09_B09_s000833	0.930693	0.1591	0.0400
plate01_D02_s000011	0.930693	0.2195	0.0377
plate08_E11_s000756	0.930693	0.1860	0.0000
plate09_C07_s000818	0.930693	0.2500	0.1800
plate06_H07_s000535	0.930693	0.1860	0.0000
plate06_B08_s000537	0.930693	0.1905	0.0192
plate03_B09_s000257	0.930693	0.2000	0.2407
plate07_D08_s000635	0.930693	0.2195	0.0377
plate08_B08_s000729	0.930693	0.2195	0.0189
plate07_B01_s000577	0.930693	0.2927	0.1887
plate02_C05_s000130	0.930693	0.2045	0.0200
plate02_D05_s000131	0.930693	0.2857	0.0385
plate04_B08_s000345	0.930693	0.1951	0.2642
plate07_E10_s000652	0.930693	0.2619	0.0385
plate06_E10_s000556	0.930693	0.1579	0.0179
plate03_H11_s000279	0.930693	0.1860	0.3137
plate09_A06_s000808	0.930693	0.3023	0.0196
plate10_E01_s000868	0.930693	0.3095	0.0192
plate09_B06_s000809	0.930693	0.2326	0.0392
plate09_A01_s000768	0.930693	0.1429	0.0385
plate04_D05_s000323	0.930693	0.2791	0.0196
plate09_C06_s000810	0.930693	0.3023	0.1961
plate04_D06_s000331	0.930693	0.3095	0.0385
plate08_B09_s000737	0.930693	0.2222	0.0408
plate02_E06_s000140	0.930693	0.2857	0.2115
plate05_H06_s000431	0.930693	0.2326	0.0000
plate11_C01_s000962	0.920792	0.1951	0.2308
plate07_D01_s000579	0.920792	0.2195	0.0577
plate05_D07_s000435	0.920792	0.2927	0.1346
plate01_E02_s000012	0.920792	0.2143	0.0392
plate05_H11_s000471	0.920792	0.2308	0.0000
plate07_H02_s000591	0.920792	0.1951	0.0577
plate03_D10_s000267	0.920792	0.2791	0.2000
plate11_F01_s000965	0.920792	0.2045	0.3061
plate05_F06_s000429	0.920792	0.4000	0.0189
plate01_F04_s000029	0.920792	0.2326	0.0200
plate10_H10_s000943	0.920792	0.1628	0.0000
plate07_C02_s000586	0.920792	0.2143	0.1569
plate01_B08_s000057	0.920792	0.2439	0.1538
plate05_D06_s000427	0.920792	0.3333	0.0000
plate08_H10_s000751	0.920792	0.1220	0.2692
plate07_C10_s000650	0.920792	0.3095	0.2353
plate06_B02_s000489	0.920792	0.2821	0.3333
plate08_H06_s000719	0.920792	0.1628	0.3400
plate02_F11_s000181	0.920792	0.2619	0.1373
plate04_B11_s000369	0.920792	0.2250	0.1698
plate04_A12_s000376	0.920792	0.1818	0.0816
plate06_B09_s000545	0.920792	0.3750	0.1887
plate06_E04_s000508	0.920792	0.2750	0.1509
plate10_C07_s000914	0.920792	0.3000	0.2830
plate07_F09_s000645	0.920792	0.3095	0.1961
plate09_H06_s000815	0.920792	0.4048	0.0000
plate06_D12_s000571	0.920792	0.3000	0.2453
plate09_D10_s000843	0.920792	0.2558	0.0000
plate01_A09_s000064	0.920792	0.3571	0.2941
plate10_H09_s000935	0.920792	0.1818	0.0408
plate08_E12_s000764	0.920792	0.1860	0.3200
plate02_H10_s000175	0.910891	0.2619	0.3600
plate05_G07_s000438	0.910891	0.1860	0.2653
plate07_C08_s000634	0.910891	0.2683	0.0000
plate08_G12_s000766	0.910891	0.1579	0.0185
plate05_D09_s000451	0.910891	0.1220	0.0196
plate08_G10_s000750	0.910891	0.2195	0.0196
plate01_B03_s000017	0.910891	0.2857	0.2400
plate02_B05_s000129	0.910891	0.2564	0.0189
plate08_E02_s000684	0.910891	0.1842	0.3333
plate02_H04_s000127	0.910891	0.3721	0.2449
plate07_A07_s000624	0.910891	0.1707	0.0000
plate11_A05_s000992	0.910891	0.1463	0.0980
plate09_C08_s000826	0.910891	0.3590	0.3019
plate10_E09_s000932	0.910891	0.2927	0.0392
plate05_A05_s000416	0.910891	0.1750	0.0192
plate06_E12_s000572	0.910891	0.2632	0.1852
plate05_A01_s000384	0.910891	0.3500	0.0385
plate07_G03_s000598	0.910891	0.2000	0.1538
plate04_H01_s000295	0.910891	0.3171	0.2941
plate02_E01_s000100	0.910891	0.3333	0.0189
plate02_H01_s000103	0.910891	0.2857	0.0200
plate02_A02_s000104	0.910891	0.1750	0.0385
plate10_H04_s000895	0.910891	0.3333	0.3800
plate10_E04_s000892	0.910891	0.2250	0.3462
plate05_B06_s000425	0.910891	0.3077	0.2830
plate08_A11_s000752	0.910891	0.2308	0.0000
plate09_G05_s000806	0.910891	0.1860	0.0612
plate01_F02_s000013	0.900990	0.1463	0.1400
plate10_G02_s000878	0.900990	0.1707	0.0200
plate02_E04_s000124	0.900990	0.2195	0.3000
plate05_C12_s000474	0.900990	0.3171	0.3000
plate10_B12_s000953	0.900990	0.2439	0.2800
plate10_G06_s000910	0.900990	0.2857	0.3061
plate05_E12_s000476	0.900990	0.3590	0.2308
plate08_E04_s000700	0.900990	0.2619	0.1224
plate01_F08_s000061	0.900990	0.0952	0.0408
plate11_H03_s000983	0.891089	0.2619	0.0208
plate06_C11_s000562	0.891089	0.2821	0.0000
plate03_E04_s000220	0.891089	0.2564	0.1765
plate05_F12_s000477	0.891089	0.1190	0.0417
