SNP	Coor	Alleles	urn:wtsi:sample_00A	urn:wtsi:sample_00B	urn:wtsi:sample_01A	urn:wtsi:sample_01B	urn:wtsi:sample_02A	urn:wtsi:sample_02B	urn:wtsi:sample_03A	urn:wtsi:sample_03B	urn:wtsi:sample_04A	urn:wtsi:sample_04B
200087	16153665	AC	0.034	0.075	0.034	0.075	0.034	0.075	0.034	0.075	0.034	0.075
200070	16174099	CG	0.181	0.046	0.181	0.046	0.181	0.046	0.181	0.046	0.181	0.046
200091	16188655	AC	1.068	0.009	1.068	0.009	1.068	0.009	1.068	0.009	1.068	0.009
200078	16194115	CG	0.891	0.874	0.891	0.874	0.891	0.874	0.891	0.874	0.891	0.874
200052	219783037	AT	0.600	0.003	0.600	0.003	0.600	0.003	0.600	0.003	0.600	0.003
200053	219783289	AG	1.006	0.988	1.006	0.988	1.006	0.988	1.006	0.988	1.006	0.988
200047	219793146	AG	0.000	1.538	0.000	1.538	0.000	1.538	0.000	1.538	0.000	1.538
200050	219797929	CG	0.014	0.763	0.014	0.763	0.014	0.763	0.014	0.763	0.014	0.763
200003	139026180	AG	0.713	0.023	0.713	0.023	0.713	0.023	0.713	0.023	0.713	0.023
200006	139046223	AG	0.902	1.160	0.902	1.160	0.902	1.160	0.902	1.160	0.902	1.160
