rs2055204 2280661 AG 0 3.584e-10 1 5.587e-07 1.05e-07 1 0 2.598e-07 0 0.9685 0.03147 2.17e-07 0 0 1 1.568e-06 0 0 1 2.747e-06 0 0.001919 0.9981 2.979e-06 0 0.9777 0.02226 1.763e-07 0 9.884e-09 1 1.244e-06 0 1.194e-12 1 5.621e-07 2.656e-07 1 0 6.193e-07 0 0 1 1.884e-06 0 5.207e-10 1 6.225e-07 0 9.049e-07 1 2.127e-06 1.611e-07 1 0 6.568e-07 0 0 1 7.256e-07 0 0 1 6.884e-07 0 0.4726 0.5274 2.681e-06 0 0.9652 0.03482 6.041e-07 0 0.6897 0.3103 2.826e-06 0 1.493e-12 1 7.499e-07 
kgp2929171 2368706 AG 3.497e-05 1 0 8.71e-06 0 0 1 1.173e-06 1.315e-07 1 0 1.75e-06 0 8.073e-05 0.9999 2.413e-06 0 0.002344 0.9977 1.482e-06 0 0.7749 0.2251 1.199e-05 0 5.115e-05 0.9999 6.907e-07 0 0.001804 0.9982 4.239e-06 0 0.9989 0.001104 2.036e-06 0 0.00098 0.999 1.265e-06 0 0.9998 0.000232 1.741e-06 0 0.9905 0.009544 4.004e-06 0 0.999 0.001009 2.627e-06 0 0.6158 0.3842 6.371e-05 5.787e-08 1 0 2.175e-06 1.341e-07 1 0 1.423e-06 3.169e-07 1 0 1.455e-06 0 0 1 4.414e-06 0 0 1 7.013e-07 0 0 1 1.079e-06 
kgp8011963 3526711 AC 0.00262 0.9974 0 1.6e-06 1 0 0 8.486e-06 0.0004938 0.9995 0 8.082e-07 0 0.1714 0.8286 1.995e-05 0 0 1 6.223e-06 0 0.4102 0.5898 1.302e-05 0 0.9961 0.003913 5.011e-06 0 0.0004958 0.9995 6.22e-06 0 0.4795 0.5205 1.356e-05 0.001392 0.9986 0 1.129e-06 0 0.9792 0.02075 3.242e-06 0 0.9971 0.002879 9.567e-07 0 0.364 0.636 1.315e-05 0 0.1088 0.8912 1.314e-05 0 0.773 0.227 9.903e-06 0 0.9908 0.009149 1.398e-06 0.003339 0.9967 0 1.23e-06 0.2755 0.7244 0 3.248e-05 0 0.1834 0.8165 8.798e-05 1 3.333e-08 0 8.486e-06 
kgp606745 4756665 CG 1 0 0 7.472e-08 1.181e-08 1 0 2.636e-06 1 0 0 4.136e-06 1 0 0 6.475e-08 0 1 2.18e-09 4.689e-06 5.692e-10 1 0 2.313e-06 0.969 0.03104 0 2.76e-06 1 0 0 7.4e-08 1 0 0 6.542e-08 0 1 9.05e-11 4.674e-06 1 0 0 8.029e-08 1 0 0 6.762e-08 0 1 7.74e-09 3.05e-06 1 0 0 6.323e-08 1 0 0 6.75e-08 1 0 0 6.312e-08 1 0 0 6.573e-08 0.9937 0.006281 0 5.075e-07 1 0 0 8.298e-08 5.634e-10 1 0 1.679e-06 
kgp5357543 5473983 AG 1 0 0 9.782e-07 0 0.9773 0.02268 1.297e-06 0.0002499 0.9997 0 6.751e-06 2.7e-09 1 0 9.686e-07 1 0 0 3.435e-07 1.722e-08 1 0 7.223e-07 0 0 1 5.819e-06 0 0.6839 0.3161 8.431e-06 0 0.8871 0.1129 5.039e-06 0 0.9742 0.02579 1.402e-06 0 0.987 0.01297 3.856e-06 1.256e-09 1 0 2.931e-06 0 0.4171 0.5829 1.168e-05 1 0 0 3.5e-07 0 0 1 4.346e-06 1 3.725e-06 0 1.579e-06 0 1.394e-05 1 4.913e-06 0 0.9915 0.008476 1.036e-06 0 0.9926 0.007441 9.243e-07 1 2.476e-08 0 9.571e-07 
kgp15334462 5703484 AG 0 0 1 2.088e-07 0 0 1 1.73e-07 0 0 1 3.232e-06 0 0 1 9.926e-08 0 0 1 1.042e-07 0 0 1 1.604e-07 0 0 1 2.359e-07 0 0 1 2.142e-07 0 0 1 1.167e-07 0 0 1 2.326e-06 0 0 1 1.714e-07 0 0 1 9.634e-08 0 0 1 1.047e-07 0 0 1 8.079e-08 0 0 1 5.186e-07 0 0 1 2.828e-07 0 0 1 1.496e-07 0 0 1 1.416e-07 0 0 1 1.34e-07 0 0 1 2.121e-07 
kgp11858168 6198745 AT 0 0 1 3.278e-06 0 0 1 2.774e-06 0 0 1 3.647e-05 0 0.9993 0.00068 5.994e-06 0.0007355 0.9993 0 4.526e-06 0 0.001565 0.9984 4.553e-06 0 0 1 5.095e-06 0 9.354e-05 0.9999 3.617e-06 0 0 1 2.368e-06 0 0.0005554 0.9994 4.186e-06 0.0009685 0.999 0 1.995e-06 1 0 0 2.2e-05 0 0.005934 0.9941 1.022e-05 0.9944 0.005626 0 2.188e-05 0.003322 0.9967 0 7.584e-06 0.002105 0.9979 0 2.572e-06 0 0.9981 0.001891 8.118e-06 0 0 1 1.013e-05 0 1 1.45e-05 4.049e-06 0.000841 0.9992 0 2.574e-06 
rs6696861 6379607 AG 0 1 2.542e-05 1.189e-06 1 0 0 1.896e-06 1 4.524e-05 0 3.806e-06 0.001393 0.9986 0 6.047e-06 1 0 0 1.912e-06 0 1 2.975e-06 2.791e-06 0 0.9999 0.0001182 2.154e-06 1 4.585e-06 0 1.678e-06 1 9.351e-06 0 2.821e-06 0.0005587 0.9994 0 1.584e-06 1 0 0 9.01e-06 1 1.939e-05 0 1.99e-06 1 0 0 1.64e-06 0 1 2.811e-06 2.066e-06 0.9999 0.0001047 0 2.393e-06 0 1 1.24e-05 2.413e-06 1 1.999e-07 0 1.441e-06 0 0.9994 0.0005557 5.252e-06 6.018e-05 0.9999 0 2.679e-06 1 0 0 2.136e-06 
kgp15318038 6422046 AG 0 0 1 5.245e-07 0 0 1 1.73e-07 0.0004108 0.9995 5.661e-05 1.687e-05 0.413 0.5865 0 0.0004928 0 0 1 3.16e-07 0 0 1 2.192e-07 0 0.0001589 0.9998 4.919e-07 0 0.005771 0.9942 7.893e-07 0 0 1 1.216e-07 0 0.2496 0.7504 2.826e-05 0 0.0009104 0.9991 2.808e-07 0 0.0004335 0.9996 1.478e-07 0 0 1 3.234e-07 0 0.000733 0.9993 2.006e-07 0 0 1 3.6e-06 0 0.0001594 0.9998 1.13e-07 0 0.0004254 0.9996 1.734e-07 0 0 1 3.868e-07 0 0.0001675 0.9998 4.696e-07 0 0.0001178 0.9999 1.58e-07 
kgp3761997 8405690 AG 0 0.01165 0.9884 1.081e-06 0 0 1 4.72e-07 0.007444 0.9926 0 4.006e-06 0 0.009775 0.9902 9.752e-07 0 0 1 1.466e-06 0 0.009604 0.9904 1.245e-06 0 0 1 1.033e-06 0 1 3.119e-05 6.905e-06 0 0.01542 0.9846 7.781e-07 0.9931 0.006852 0 1.991e-05 0 0.8977 0.1023 1.228e-05 0 0.1408 0.8592 3.158e-06 0 0 1 3.932e-07 0 0.01154 0.9885 1.541e-06 0 0.9034 0.0966 6.351e-06 0 0.2055 0.7945 3.867e-06 0.1887 0.8113 0 1.909e-05 0 0.9989 0.001094 4.738e-06 0 1 1.032e-05 3.604e-06 0 0.07548 0.9245 1.967e-06 
rs11121247 8918795 AG 0 0.0001339 0.9999 3.685e-07 6.749e-05 0.9999 0 6.078e-07 0.002574 0.9974 0 3.825e-06 1 1.404e-05 0 5.749e-06 0 1 6.169e-11 9.51e-07 0 1 3.955e-08 5.757e-06 0 0.003632 0.9964 2.541e-06 0 1 4.949e-11 6.841e-07 0 0 1 4.307e-07 0 4.676e-05 1 3.988e-07 0 0 1 3.241e-07 0.0006921 0.9993 0 1.193e-06 0.0001237 0.9999 0 1.014e-06 1 1.877e-05 0 6.191e-06 0 0 1 4.611e-07 0 1.919e-05 1 3.329e-06 0 1 9.942e-12 6.619e-07 1 0 0 6.844e-06 0 0 1 7.894e-07 0 0 1 1.138e-06 
rs2274971 8931149 AG 0 0 1 9.216e-08 0 0 1 9.295e-08 0 0 1 9.988e-06 0 0 1 1.292e-07 0 0 1 1.013e-07 0 0 1 7.855e-08 0 0 1 1.348e-07 0 0 1 1.183e-07 0 0 1 1.024e-07 0 0 1 1.568e-07 0 0 1 1.804e-07 0 0 1 8.553e-08 0 0 1 8.186e-08 0 0 0 1 0 0 1 7.438e-08 0 0 1 1.91e-07 0 0 1 7.679e-08 0 0 1 8.081e-08 0 0 1 2.37e-06 0 0 1 2.791e-07 
kgp15752334 10907940 AG 0 0.04234 0.9577 8.521e-07 0.0004269 0.9996 0 1.044e-05 5.939e-05 0.9999 0 5.716e-06 0 0.7334 0.2666 5.914e-06 0 0 1 8.694e-07 0 0.1231 0.8769 1.159e-06 0 0.008099 0.9919 7.874e-07 0 0 1 5.077e-07 0 0.4476 0.5524 3.014e-06 0 0.9745 0.0255 3.65e-06 6.933e-05 0.9999 0 5.128e-06 0 0.9993 0.0007462 2.775e-06 0 0.01698 0.983 4.032e-07 0 0.9774 0.02261 5.001e-06 0 0 1 3.131e-06 0 0.8443 0.1557 3.558e-06 0 0.9912 0.008771 4.711e-06 0 0.01498 0.985 4.283e-07 0 0 1 1.079e-06 0 0 1 8.613e-07 
rs6679088 12674271 AC 1.037e-16 1 0 1.546e-06 1 0 0 3.081e-07 9.321e-16 1 0 6.093e-06 1.271e-17 1 0 5.015e-07 1 0 0 3.055e-07 0 0.9989 0.001079 1.05e-06 1 2.711e-11 0 2.7e-07 0 0.9997 0.0003026 5.332e-07 4.158e-18 1 0 3.026e-07 5.23e-18 1 0 3.478e-07 1 1.007e-10 0 4.757e-07 0 0.9988 0.001243 1.25e-06 0 0.9997 0.0003022 6.546e-07 1 0 0 8.697e-07 1 2.175e-10 0 1.61e-06 0 0.9999 0.0001248 3.018e-07 9.448e-18 1 0 3.653e-07 1 0 0 1.809e-07 1 0 0 3.069e-07 1 0 0 3.313e-07 
kgp15718994 17915470 AG 0 0.0005215 0.9995 4.116e-07 0 0 1 2.494e-07 0.1886 0.8113 0 5.629e-05 0 0.0003031 0.9997 1.245e-07 0 0 1 3.798e-07 0 0.002666 0.9973 2.576e-07 0 0 1 5.245e-07 0 0 1 1.37e-06 0 0 1 1.274e-07 0 0.9846 0.01539 9.213e-06 0.00525 0.9947 0 9.308e-06 0 0.009823 0.9902 9.154e-07 0 0 1 2.476e-07 0 0.005019 0.995 3.569e-07 0 0.06108 0.9389 1.568e-06 0 0.001212 0.9988 1.701e-07 0 0.00277 0.9972 2.429e-07 0 0 1 2.438e-07 0 0.0001819 0.9998 2.034e-07 0 0 1 2.013e-07 
kgp11374339 19131155 AG 0.9929 0.007062 0 6.693e-07 0 0.0009274 0.9991 2.825e-06 0 0.9999 7.197e-05 2.587e-06 0.9943 0.005699 0 2.925e-07 1 0 0 9.736e-07 1 0 0 3.06e-06 0 0.002057 0.9979 1.62e-05 0 0 1 2.801e-06 1 0 0 2.87e-07 0 1 2.041e-05 1.83e-06 4.695e-08 1 0 2.044e-06 0 0.0009406 0.9991 2.916e-06 0.9938 0.006183 0 5.502e-07 0 0.0002879 0.9997 2.406e-06 4.458e-06 1 0 2.515e-06 0.1791 0.8209 0 8.108e-06 0 0.01081 0.9892 8.448e-06 1 0 0 2.573e-07 1 0 0 3.143e-07 0 0 1 2.429e-05 
kgp6695109 19234916 AG 0 0.0009435 0.999 1.795e-05 0 0.8273 0.1725 0.0001469 0.0002106 0.9998 0 8.283e-06 1 0 0 6.547e-07 0 0.5715 0.4281 0.0003599 0 0.9916 0.008346 1.124e-05 1 0 0 1.317e-06 1 0 0 5.409e-06 0 0.905 0.09491 6.765e-05 0.9085 0.0915 0 1.001e-05 0 0.9971 0.002896 8.008e-06 0.9989 0.001128 0 9.498e-07 0 0.5826 0.4171 0.0002934 0.9983 0.001652 0 9.731e-07 1 0 0 2.059e-06 0.04844 0.9515 0 1.825e-05 0.9892 0.0108 0 4.004e-06 1 0 0 1.407e-06 1 0 0 2.387e-06 0.9996 0.0004405 0 6.786e-07 
kgp7585473 23497852 AG 0 0 1 7.921e-07 0 0.1411 0.8589 9.259e-06 6.23e-07 1 0 1.098e-06 0 0.0307 0.9693 4.816e-06 0 1 3.323e-05 4.536e-07 0 0.9995 0.0004703 7.594e-07 0 6.102e-09 1 3.499e-06 0 0.0002229 0.9998 9.231e-07 0 6.214e-05 0.9999 7.62e-07 0 0.9999 0.0001026 4.865e-07 0 0.0001748 0.9998 1.945e-06 0 0 1 8.371e-07 0 0 1 7.703e-06 0 0 1 2.11e-06 0 0 1 1.021e-06 3.052e-07 1 0 1.602e-06 2.785e-07 1 0 7.651e-07 0 0.38 0.6195 0.0005244 0 0 1 5.921e-06 0 0 1 8.309e-07 
kgp1710253 25216152 AT 0 0.002562 0.9974 8.515e-06 0.9998 0.0002361 0 1.191e-07 0 0.9976 0.002366 9.97e-06 1 0 0 1.315e-07 1 4.743e-05 0 1.091e-07 0 0.9996 0.0004157 2.507e-06 0.9999 5.487e-05 0 1.426e-07 1 0 0 3.309e-07 0 0.9993 0.0006732 2.04e-06 4.353e-12 1 0 2.307e-05 0 0.9988 0.001152 2.17e-06 0.9992 0.0007744 0 2.065e-07 2.708e-23 1 0 2.112e-06 4.098e-22 1 0 3.997e-06 0 0.9998 0.0001749 1.752e-06 1 0 0 2.934e-07 0 0.9997 0.0003042 1.454e-06 0.9999 7.03e-05 0 6.705e-08 0.9999 9.604e-05 0 1.845e-07 3.727e-23 1 0 1.755e-06 
kgp2379363 27436877 AG 0 0.0002491 0.9997 1.077e-06 0 0 1 6.268e-06 0.7076 0.2924 0 4.783e-06 0 6.671e-05 0.9999 8.664e-07 0 0 1 7.762e-07 0 0 1 3.224e-06 0 0.9682 0.03181 2.852e-07 0.08873 0.9113 0 9.155e-07 0 2.51e-08 1 1.198e-06 0.9145 0.08553 0 4.034e-06 6.476e-06 1 0 1.083e-07 1 1.144e-08 0 1.449e-06 0 0.0001323 0.9999 8.902e-07 0 0.2434 0.7565 2.935e-05 4.892e-05 1 0 4.212e-07 0.0007816 0.9992 0 3.566e-07 1 0 0 1.449e-06 0 0 1 4.249e-06 0 0.00145 0.9985 2.331e-06 0 0.9972 0.002808 1.26e-07 
kgp5302356 29216200 AG 1 0 0 1.246e-06 1 0 0 6.208e-07 0 0.7035 0.2965 8.239e-06 0 0 1 1.176e-05 0.9999 6.678e-05 0 1.104e-06 0 0 1 1.129e-05 1 1.654e-05 0 6.157e-06 1 0 0 7.325e-07 0.9984 0.001568 0 1.936e-06 0.03738 0.9626 0 1.674e-06 0.01332 0.9867 0 1.574e-06 1 0 0 7.305e-07 1 0 0 4.986e-06 0 0.9933 0.006719 4.444e-07 0.002279 0.9977 0 3.82e-07 0 1.866e-05 1 1.298e-05 0 0.9771 0.0229 9.588e-07 1 7.289e-08 0 7.29e-07 1 0 0 1.611e-06 1 0 0 2.835e-06 
kgp15701830 30846246 AG 1 0 0 3.225e-07 0.9999 9.347e-05 0 2.338e-07 0.2621 0.7378 0 0.0001383 0.9995 0.0004644 0 7.731e-07 1.993e-05 1 0 5.988e-06 0.9999 8.812e-05 0 2.517e-07 1 0 0 5.261e-07 3.145e-05 1 0 8.054e-06 0.9999 8.054e-05 0 2.185e-07 0.9945 0.005538 0 4.306e-06 1 0 0 9.258e-06 0 0.9706 0.02942 1.754e-05 7.972e-05 0.9999 0 8.804e-06 1 0 0 2.346e-07 0.9999 0.0001469 0 3.245e-07 0.9998 0.0001806 0 3.305e-07 0.9999 8.358e-05 0 2.425e-07 1 0 0 5.818e-07 1 0 0 7.174e-07 1 0 0 5.44e-07 
rs10915149 31009394 AG 0 1.691e-06 1 3.099e-07 0 1 4.815e-15 9.343e-07 0 1 4.03e-10 2.775e-05 0 0 1 5.62e-08 1.723e-05 1 0 1.969e-06 2.055e-05 1 0 9.696e-07 0 1 3.757e-15 1.211e-06 0 0 1 1.291e-07 0 0 1 7.109e-08 1 9.822e-10 0 8.148e-06 0 1 8.891e-15 3.616e-06 0 8.545e-07 1 3.317e-07 2.389e-05 1 0 1.013e-06 0 1.436e-07 1 6.743e-08 0 0 1 2.219e-07 0.000764 0.9992 0 4.457e-06 0.0002574 0.9997 0 2.298e-06 2.614e-05 1 0 1.211e-06 1.964e-05 1 0 1.156e-06 0 0 1 1.4e-07 
kgp15507684 31086100 AG 0 0 1 8.493e-08 0 0 1 2.803e-08 0 0 1 1.559e-07 0 0 1 1.727e-07 0 0 1 3.965e-08 0 0 1 7.147e-08 0 0 1 5.499e-08 0 0 1 5.611e-08 0 0 1 4.927e-08 0 0 1 2.624e-07 0 0 1 5.334e-08 0 0 1 3.473e-08 0 0 1 5.295e-08 0 0 1 6.471e-08 0 0 1 3.49e-08 0 0 1 2.869e-08 0 0 1 2.632e-07 0 0 0 1 0 0 1 4.101e-08 0 0 1 1.15e-07 
kgp3354389 31322581 AT 0 0.0002108 0.9998 2.275e-06 0.00302 0.997 0 6.36e-07 0 0.9988 0.001198 8.526e-07 0.005263 0.9947 0 1.629e-06 0 0 1 1.225e-06 0 0.9918 0.00819 5.271e-07 0.0135 0.9865 0 3.447e-06 0 3.454e-06 1 6.987e-07 0 1.617e-05 1 8.024e-07 1 6.604e-10 0 1.021e-05 1 1.09e-08 0 1.421e-05 1 0 0 1.376e-05 0 0.01446 0.9855 1.8e-06 0 0 1 3.856e-06 0 0.999 0.001011 9.902e-07 0 0.0007862 0.9992 1.359e-06 0 0 0 1 0 0 1 5.82e-07 0 1.968e-08 1 2.101e-06 0 0 1 2.045e-06 
kgp1119155 38609714 AG 0 0 1 1.223e-07 1 0 0 1.468e-05 0.05391 0.946 0 4.484e-05 0 0.003672 0.9963 4.372e-07 0 0.006998 0.993 6.81e-07 0 0 1 1.838e-07 0 0 1 1.208e-07 0 0 1 1.42e-07 0.001227 0.9988 0 3.224e-06 0 0.9985 0.001529 8.308e-06 0.000537 0.9995 0 2.69e-06 0.001406 0.9986 0 3.852e-06 0 0 1 3.061e-07 0 0.006257 0.9937 4.867e-07 0.9978 0.00215 0 1.465e-05 0 0.008462 0.9915 7.728e-07 0 0.9223 0.07767 1.569e-05 0 0 1 1.359e-06 0 0.001169 0.9988 1.224e-07 0 0.00196 0.998 1.791e-07 
kgp15632842 43668526 AG 1 2.072e-05 0 1.556e-07 1 0 0 1.053e-07 0.008716 0.9913 7.485e-07 1.653e-05 0.9998 0.0002494 0 1.84e-07 0.9989 0.001106 0 4.321e-07 1 3.497e-05 0 6.98e-08 0.9996 0.0004201 0 1.624e-06 1 0 0 3.269e-07 1 2.387e-05 0 9.306e-08 0.9991 0.0008728 0 4.69e-07 0.4512 0.5488 0 2.46e-05 1 3.552e-05 0 7.579e-08 1 0 0 7.708e-08 1 0 0 1.183e-07 1 0 0 8.025e-08 1 0 0 1.76e-07 1 0 0 5.334e-07 1 0 0 2.38e-07 1 0 0 1.124e-07 1 0 0 1.977e-07 
kgp10924476 43830989 AG 1 0 0 5.215e-07 0 0.982 0.01796 1.378e-07 1 0 0 8.341e-07 0 0.0006003 0.9994 5.096e-08 0 0.0003915 0.9996 7.958e-08 0 0.0004001 0.9996 4.148e-08 0.9924 0.007575 0 2.687e-07 0.02409 0.9759 0 1.645e-07 0 0 1 3.075e-08 0.9906 0.009424 0 5.179e-07 1.406e-05 1 0 4.708e-08 0.9965 0.003482 0 2.221e-07 0 0 1 3.729e-07 0 0.0001734 0.9998 1.982e-07 6.722e-05 0.9999 0 3.774e-08 0 1 1.776e-05 1.943e-07 7.527e-05 0.9999 0 3.88e-08 0 0.0001918 0.9998 3.544e-08 0 0.9988 0.001233 1.13e-07 0 0 1 5.424e-08 
kgp15536069 48451327 AG 0 0 1 1.87e-07 0 0 1 5.133e-07 0 0 0 1 0 0 1 2.452e-07 0 0 1 2.765e-07 0 0 1 1.379e-07 0 0 1 4.733e-07 0 0 1 4.806e-07 0 0 1 1.351e-07 0 0 1 8.304e-07 0 0 1 8.506e-07 0 0 1 2.733e-07 0 0 1 2.018e-07 0 0 1 3.361e-07 0 0 1 6.235e-07 0 0 1 4.881e-07 0 0 1 1.226e-06 0 0 1 5.182e-07 0 0 1 6.703e-07 0 0 1 2.366e-07 
kgp5778127 50256055 AG 0 0.002185 0.9978 6.808e-08 0 0.002376 0.9976 8.121e-08 6.36e-06 0.991 0.008952 1.66e-05 0 0 1 4.851e-08 0 0 1 1.253e-07 0 0 1 3.078e-08 0 0.001913 0.9981 6.232e-08 0 0 1 3.729e-08 0 0 1 4.86e-08 0 0.7992 0.2007 1.674e-05 0 0.2103 0.7897 4.655e-06 0 0 1 2.782e-08 0 0.001734 0.9983 7.238e-08 0 0 1 6.766e-08 0 0 1 2.166e-08 0 0.0005548 0.9994 2.209e-08 0 0.001382 0.9986 4.466e-08 0 0.001353 0.9986 4.931e-08 0 0.006011 0.994 1.856e-07 0 0 1 4.016e-08 
rs12059262 52725565 AG 1 7.127e-06 0 1.083e-07 1 0 0 2.855e-07 0.9999 0.0001028 0 1.618e-06 1 6.78e-06 0 1.596e-07 1 0 0 1.702e-07 1 0 0 1.333e-07 1 3.045e-06 0 5.8e-08 0 0.9995 0.0004664 1.005e-05 1 3.271e-06 0 6.089e-08 1 6.502e-06 0 1.319e-07 1 0 0 5.538e-08 0.9999 7.953e-05 0 8.953e-07 1 0 0 6.052e-08 1 5.825e-06 0 1.103e-07 1 4.612e-06 0 7.984e-08 2.926e-07 1 0 1.006e-05 1 3.184e-06 0 5.73e-08 1 0 0 5.573e-08 1 0 0 8.135e-08 1 0 0 8.338e-08 
kgp5308127 53986947 AC 1 0 0 5.515e-06 0 0.0001447 0.9999 3.736e-06 1 7.796e-06 0 9.976e-06 0.001632 0.9984 0 2.154e-06 0 0 1 3.736e-06 0 0.9604 0.03956 4.564e-06 1 2.26e-07 0 2.79e-06 0 0.9991 0.0009424 3.728e-06 0 0.9704 0.02961 2.001e-06 0.5958 0.4039 0 0.0002386 0.001405 0.9986 0 5.408e-06 0.002051 0.9979 0 1.678e-06 1 0 0 2.851e-06 0 0.08366 0.9163 2.31e-05 0 0.9979 0.002057 2.39e-06 0 0.9724 0.02757 1.881e-06 0.001064 0.9989 0 1.372e-06 0 0.5892 0.4108 1.243e-05 0.006974 0.993 0 3.87e-06 0 0.9229 0.07706 3.222e-06 
kgp15527736 54358960 AG 0 0 1 5.08e-07 0 0 1 4.175e-08 0 0 1 4.333e-06 0 0 1 5.121e-08 0 0 1 4.991e-08 0 0 1 5.385e-08 0 0 1 4.529e-08 0 0 0 1 0 0 1 1.501e-07 0 0 1 4.342e-08 0 0 1 3.695e-08 0 0 1 3.052e-08 0 0 1 3.817e-08 0 0 1 5.159e-08 0 0 1 4.641e-08 0 0 1 4.49e-08 0 0 1 3.302e-08 0 0 1 4.058e-08 0 0 1 2.272e-07 0 0 1 4.047e-08 
kgp7338602 55009118 AG 1 0 0 1.598e-06 6.032e-06 1 0 9.945e-07 1 1.048e-12 0 1.38e-05 1 1.737e-11 0 8.017e-06 0 0.9996 0.0004446 3.686e-07 1 8.61e-16 0 8.566e-07 0 0 1 1.397e-05 1 0 0 1.073e-06 1 0 0 1.482e-06 1 2.817e-15 0 9.506e-07 1 0 0 2.237e-06 0 2.295e-11 1 1.397e-05 1 0 0 1.598e-06 1 0 0 1.068e-06 1 0 0 6.462e-06 0 0.9986 0.001418 1.125e-06 5.773e-06 1 0 7.257e-07 1 0 0 1.451e-06 2.332e-06 1 0 2.332e-06 0 0.9992 0.0008109 4.989e-07 
kgp11126141 55637390 AG 1 0 0 1.497e-07 1 0 0 5.674e-08 1 0 0 4.577e-07 1 0 0 9.965e-08 1 0 0 1.161e-06 1 0 0 1.375e-07 1 0 0 1.698e-07 1 0 0 1.101e-07 1 0 0 7.172e-08 1 0 0 5.759e-08 1 0 0 4.5e-08 1 0 0 4.576e-08 1 0 0 4.409e-08 1 0 0 1.668e-07 1 0 0 1.292e-07 1 0 0 1.7e-07 1 0 0 6.046e-08 1 0 0 9.132e-08 1 0 0 8.458e-08 1 0 0 1.689e-07 
rs3013544 60852092 AC 0 1 9.66e-27 4.787e-08 0 6.03e-26 1 1.15e-08 1.155e-05 1 0 2.311e-08 0 0 1 1.635e-08 0 7.73e-25 1 5.673e-08 0 3.964e-26 1 2.29e-08 0 4.262e-24 1 1.256e-07 0 0 1 3.076e-08 0 0 1 2.343e-08 0 1 4.509e-27 4.724e-08 0 0 1 1.697e-08 0 0 1 2.228e-08 0 7.676e-26 1 5.991e-08 0 0 1 1.082e-08 2.131e-05 1 0 3.827e-08 0 0 1 1.273e-08 0 1 1.777e-27 1.899e-08 0 0 1 2.295e-08 0 1.587e-24 1 8.144e-08 1 3.826e-23 0 2.742e-05 
kgp7211053 61956763 AG 0 2.305e-05 1 5.538e-08 0 0 1 2.013e-08 0 1 4.021e-08 4.29e-06 0 2.06e-05 1 5.556e-08 0 0 1 2.803e-08 0 0 1 1.781e-08 0 3.362e-05 1 9.087e-08 0 0 1 2.352e-08 0 0 1 4.283e-08 0.9881 0.01191 0 3.97e-05 0 1 6.542e-08 4.368e-06 0 0 1 7.374e-08 0 0 1 1.252e-07 0 3.425e-05 1 8.191e-08 0.0007998 0.9992 0 4.445e-06 0 0 1 1.996e-08 0 3.029e-05 1 7.853e-08 0 0 1 6.153e-08 0 0 1 9.261e-08 0 1.133e-05 1 3.341e-08 
kgp15549649 61980752 AG 0 0 1 4.662e-08 0 0 1 7.509e-09 0 0 0 1 0 0 1 5.344e-08 0 0 1 1.99e-08 0 0 1 1.864e-08 0 0 1 8.048e-08 0 0 1 1.367e-08 0 0 1 9.855e-09 0 0 1 1.113e-08 0 0 1 2.918e-08 0 0 1 1.428e-08 0 0 1 1.266e-08 0 0 1 2.016e-08 0 0 1 3.909e-08 0 0 1 9.359e-09 0 0 1 1.025e-08 0 0 1 1.58e-08 0 0 1 9.218e-08 0 0 1 1.834e-08 
kgp15736516 65898331 AG 0 4.115e-17 1 3.123e-08 0 0 1 4.003e-08 0 1.422e-16 1 1.903e-07 2.925e-05 1 0 7.69e-07 0 0 1 3.006e-08 0 1 1.228e-21 2.073e-07 0 3.561e-17 1 2.811e-08 0 0 1 3.099e-08 0 0 1 4.422e-08 0 1.363e-16 1 1.13e-07 1.49e-05 1 0 7.047e-07 0 6.585e-15 1 1.477e-06 0 0 1 2.759e-08 0 1 2.133e-21 3.832e-07 0 1 3.44e-21 3.278e-07 0 0 1 7.702e-08 0 5.426e-17 1 3.544e-08 0 0 1 5.886e-08 0 4.364e-17 1 4.345e-08 0 0 1 2.36e-07 
rs7529683 68741905 AG 0 0.9999 0.0001002 8.446e-08 0 0.9994 0.0006293 2.791e-07 0 2.946e-10 1 7.595e-06 1 0 0 1.503e-07 0 0.9996 0.0003662 3.384e-07 1 0 0 2.015e-07 1 3.479e-15 0 1.165e-07 0 0.9997 0.0002757 1.412e-07 1 0 0 1.036e-06 6.562e-19 1 0 4.3e-07 1 0 0 9.135e-08 1 2.429e-14 0 1.347e-07 1.209e-19 1 0 3.913e-07 1.866e-20 1 0 8.007e-08 1 0 0 3.405e-07 1 1.819e-14 0 3.769e-07 0 0.9999 0.000109 8.364e-08 0 0 1 7.595e-06 1 7.3e-15 0 1.612e-07 1 3.516e-15 0 1.149e-07 
rs12062616 69925811 AC 1 0 0 7.375e-08 0 0.9993 0.0007153 6.836e-06 0.9997 0.0003072 0 5.325e-06 4.892e-08 1 0 6.758e-06 1 0 0 1.623e-07 1 0 0 8.655e-08 1 0 0 8.964e-08 1 0 0 2.877e-07 4.276e-08 1 0 6.671e-06 1 1.073e-05 0 1.311e-07 1 0 0 1.527e-07 0.9999 0.0001309 0 9.734e-07 1 0 0 1.453e-07 1 4.634e-06 0 6.778e-08 1 0 0 7.491e-08 1 0 0 9.698e-08 1 1.12e-05 0 1.608e-07 1 1.229e-05 0 1.489e-07 1 0 0 9.424e-08 1 0 0 7.694e-08 
kgp15888922 74247739 AG 0 0 1 2.026e-08 0 1 2.64e-18 2.987e-07 0 0 1 7.756e-08 5.422e-06 1 0 1.789e-07 0 0 1 3.965e-08 0 0 1 1.842e-08 0 4.385e-11 1 3.636e-07 0 2.18e-12 1 2.488e-08 0 1 4.299e-19 1.409e-07 0 0 1 2.405e-08 0 0 1 3.854e-08 0 1 2.654e-19 1.738e-07 0 6.76e-12 1 5.595e-08 0 7.317e-12 1 1.066e-07 1.515e-05 1 0 3.338e-07 0 0 1 2.018e-08 0 2.015e-12 1 3.076e-08 0 1 3.117e-19 1.464e-07 1.523e-05 1 0 4.588e-07 2.08e-05 1 0 3.514e-07 
rs518769 74699912 AG 5.355e-23 1 0 1.287e-07 0 0 1 3.799e-06 1 2.104e-19 0 2.234e-07 0 5.703e-16 1 3.795e-06 0 0 1 3.903e-06 1 3.82e-19 0 2.22e-07 0 0.9999 0.0001093 8.782e-08 0 0.9999 9.433e-05 5.828e-08 1 1.179e-19 0 1.702e-07 3.621e-24 1 0 2.431e-08 1 0 0 2.583e-07 0 1 3.866e-05 2.602e-08 0 0.9999 0.0001152 6.367e-08 1 0 0 6.384e-07 3.043e-23 1 0 8.398e-08 1 0 0 4.006e-07 0 8.287e-16 1 3.81e-06 0 1 3.472e-05 2.582e-08 0 0.9999 5.989e-05 4.233e-08 1 0 0 1.327e-07 
kgp15728853 75032861 AG 0 0.005513 0.9945 2.059e-08 0 0 1 1.49e-08 0 0.002806 0.9972 5.282e-08 0 0 1 1.454e-08 0 0.6695 0.3305 7.583e-06 0 0 1 1.576e-08 0 0.9838 0.01619 1.304e-07 0 0 1 1.772e-07 0 0.004043 0.996 1.938e-08 0 0.05439 0.9456 3.137e-07 0 0 1 2.541e-08 1.306e-10 1 0 1.325e-07 0 0.08087 0.9191 5.579e-08 0 0.004712 0.9953 2.527e-08 0 0.0183 0.9817 5.412e-08 0 0.1013 0.8987 5.934e-08 0 0.0002719 0.9997 1.297e-08 0 0.007104 0.9929 7.407e-08 0 0.3837 0.6163 4.731e-07 0 0 1 7.162e-08 
kgp15812150 75180399 AC 0 2.269e-06 1 6.774e-08 0 1.013e-06 1 3.759e-08 0 2.24e-05 1 4.156e-07 0 6.373e-06 1 1.737e-07 0 0 1 8.985e-08 0 0 1 3.65e-08 0.00109 0.9989 0 6.349e-06 0 0 1 4.678e-08 0 0 1 9.09e-08 0 1.346e-05 1 5.485e-07 0 0 1 4.236e-08 0 1.537e-06 1 7.058e-08 0 0 1 1.124e-07 0 0 1 4.358e-08 0 0 1 5.06e-08 0 0 1 3.478e-08 0 6.652e-07 1 2.945e-08 0.9084 0.09154 0 7.892e-05 0.001141 0.9989 0 6.379e-06 0 1 1.628e-07 6.479e-06 
kgp3982676 76496816 AG 0 0 1 3.518e-08 0 0 1 1.824e-07 0.01331 0.986 0.0007007 1.77e-05 0 0.0001831 0.9998 4.616e-08 0 0 1 2.251e-07 0 0 1 7.667e-08 0 0 1 1.45e-07 0 0.0004412 0.9996 1.095e-07 0 0.0002396 0.9998 5.267e-08 0 0.685 0.315 3.219e-05 0 0.0009577 0.999 1.591e-07 0 0.0002069 0.9998 4.651e-08 0 0 1 8.218e-08 0 0.0001272 0.9999 3.269e-08 0 0 1 4.072e-08 0 0 1 2.565e-08 0 0.001194 0.9988 2.684e-07 0 8.295e-05 0.9999 2.617e-08 0 0 1 5.79e-08 0 0 1 2.741e-08 
rs12754818 79392756 AC 1.215e-10 1 0 1.611e-07 0 1 8.818e-12 1.509e-07 1 4.507e-10 0 2.097e-07 1 0 0 7.254e-08 0 0 1 3.831e-07 1 6.648e-11 0 7.714e-08 1 0 0 8.555e-08 1 0 0 6.766e-08 5.65e-10 1 0 4.942e-07 0 2.147e-09 1 1.866e-07 0 1 4.007e-11 8.995e-07 0 1.813e-09 1 3.098e-07 0 1 3.81e-11 3.64e-07 1 3.733e-10 0 1.967e-07 1 0 0 8.536e-07 0 0 1 2.596e-07 0 9.082e-10 1 1.012e-07 0 1 1.083e-11 1.847e-07 1 0 0 4.258e-07 1.381e-10 1 0 1.684e-07 
kgp11727088 87791986 AG 0.0002796 0.9997 0 6.937e-06 0 1.595e-05 1 5.164e-08 0 0 1 3.794e-08 0 3.298e-05 1 7.413e-08 0 0 1 3.695e-08 0.0002614 0.9997 0 7.244e-06 0 1.53e-05 1 4.098e-08 0 1.413e-05 1 4.326e-08 0 0 1 9.027e-08 0 0.000167 0.9998 2.989e-07 0 0 1 5.283e-07 0 1.256e-05 1 3.534e-08 0 0 1 5.154e-08 0 1 2.406e-07 6.949e-06 0 8.168e-06 1 2.618e-08 0 0 1 1.096e-07 0 0 1 1.004e-07 0 3.154e-05 1 1.158e-07 0 2.172e-05 1 5.153e-08 0 0 1 3.383e-08 
kgp6451025 104865951 AG 1 4.939e-13 0 1.238e-07 1 0 0 1.272e-07 1 4.388e-12 0 2.152e-06 0 1 3.185e-05 3.564e-07 1 0 0 6.518e-08 1 0 0 5.962e-07 1 3.866e-13 0 9.339e-08 0 0.9999 5.125e-05 6.332e-07 1 8.933e-13 0 1.407e-07 0 9.505e-11 1 1.826e-05 0 1 2.069e-05 3.783e-07 2.535e-19 1 0 1.281e-06 1 3.898e-13 0 1.022e-07 1 1.805e-12 0 2.354e-07 1 0 0 4.613e-07 1 0 0 8.478e-08 1 2.683e-13 0 6.777e-08 0 0.9999 7.488e-05 9.35e-07 1 0 0 1.065e-07 1 5.055e-13 0 9.563e-08 
kgp11914115 106957647 AG 0 0 1 1.32e-07 0 0 1 9.969e-08 0 0 1 6.568e-06 0 0 1 2.26e-07 0 0 1 1.595e-07 0 0 1 8.222e-08 0 0 1 7.819e-08 0 0 1 1.709e-07 0 0 1 1.944e-07 0 0 1 1.866e-07 0 0 1 1.947e-07 0 0 1 7.665e-08 0 0 1 8.025e-08 0 0 1 5.003e-07 0 0 1 2.035e-07 0 0 1 7.9e-08 0 0 1 2.198e-07 0 0 1 6.996e-08 0 0 1 1.16e-07 0 0 1 3.658e-07 
kgp8951543 108139848 AT 0 0.9998 0.0002314 1.197e-07 8.7e-09 1 0 1.611e-07 0 0 1 2.407e-08 0 1 5.993e-08 6.97e-08 1.48e-07 1 0 1.604e-06 0 0.9985 0.001493 1.455e-07 3.221e-09 1 0 5.827e-08 0 1 1.35e-08 6.207e-08 8.121e-08 1 0 1.293e-06 5.608e-09 1 0 9.606e-08 0 0 0.000203 0.9998 0 0.1102 0.8898 4.849e-08 0 1 1.581e-06 1.242e-07 0 0.01267 0.9873 2.3e-08 0 0.9989 0.001066 1.534e-07 0 1 3.254e-08 6.208e-08 9.222e-09 1 0 1.455e-07 4.341e-09 1 0 7.511e-08 0 0 6.722e-05 0.9999 0 0 1 1.893e-08 
kgp15852638 114594173 AC 1 0 0 8.035e-08 1 0 0 1.6e-07 1 0 0 2.99e-06 1 0 0 1.199e-07 1 0 0 1.139e-07 1 0 0 2.266e-07 0 0 0 1 1 0 0 2.673e-07 1 0 0 1.517e-07 1 0 0 6.57e-07 1 0 0 1.066e-07 1 0 0 9.951e-08 1 0 0 2.808e-07 1 0 0 1.047e-07 1 0 0 7.288e-08 1 0 0 3.02e-07 1 0 0 9.079e-08 1 0 0 1.717e-07 1 0 0 8.418e-08 1 0 0 3.042e-07 
rs1822311 146681517 AG 0 6.984e-06 1 5.361e-08 0 0 1 5.13e-08 0 0.0001484 0.9998 1.729e-06 0 6.294e-06 1 4.871e-08 0 3.116e-06 1 2.736e-08 0 1.74e-05 1 1.34e-07 0 2.073e-05 1 1.387e-07 0 0 1 7.792e-08 0 0 1 2.219e-08 0 7.739e-06 1 6.519e-08 0.9874 0.01239 0 0.000217 0 0 1 3.2e-08 0 0 1 7.241e-08 0 0 1 2.375e-08 0 0 1 3.324e-08 0 0 1 8.06e-08 0 3.37e-06 1 3.467e-08 0 0 1 5.025e-08 0 3.981e-06 1 3.456e-08 0 2.664e-06 1 2.42e-08 
kgp6460157 152416864 AG 0 0.0002241 0.9998 6.401e-08 0 0.0001071 0.9999 4.696e-08 0.0001111 0.9979 0.00201 1.623e-05 0 0.0002426 0.9998 7.095e-08 0 0.000823 0.9992 1.721e-07 0 0 1 5.261e-08 0 0 1 1.098e-07 0 0 1 2.991e-07 0 0.0003644 0.9996 1.192e-07 0 0.3708 0.6292 1.754e-05 0 0 1 2.86e-07 0 0 1 1.996e-07 0 0 1 1.314e-07 0 0 1 5.014e-08 0 0 1 1.216e-07 0.8215 0.1775 0 0.0009789 0 0.001223 0.9988 2.156e-07 0 0 1 1.125e-07 0 0.001026 0.999 3.699e-07 0 0.0001307 0.9999 8.475e-08 
rs1998844 153441260 AG 0 0 1 2.636e-07 0 0 1 3.972e-08 0 0 1 4.5e-08 0 0 1 3.563e-08 0 0 1 2.571e-08 0 1 6.793e-08 9.947e-06 0.0002438 0.9997 0 9.944e-06 0 3.346e-06 1 3.052e-08 0 0 1 4.29e-08 0 4.013e-06 1 3.94e-08 0 3.584e-06 1 3.229e-08 0 1.378e-05 1 9.879e-08 0 0 1 1.162e-07 0 6.011e-06 1 4.759e-08 0 0 1 1.212e-06 0 3.913e-06 1 3.308e-08 0 1.753e-05 1 1.121e-07 0 5.079e-06 1 4.271e-08 0 1.176e-05 1 7.874e-08 0 4.555e-06 1 4.061e-08 
kgp6479137 154550413 AG 0.9016 0.09842 0 1.691e-06 0.202 0.798 0 3.109e-06 0.00236 0.9976 0 1.969e-06 0.9999 0.0001303 0 1.312e-06 0.9856 0.0144 0 6.617e-07 1 0 0 1.465e-06 1 0 0 1.06e-06 1 0 0 4.607e-07 0.9911 0.008947 0 5.558e-07 0 1 1.172e-07 4.623e-06 0.001208 0.9988 0 2.727e-06 0.999 0.001037 0 1.03e-06 1 0 0 1.008e-06 0.0003799 0.9996 0 1.011e-06 0.8283 0.1717 0 1.965e-06 0 1 9.476e-09 1.078e-06 0.007464 0.9925 0 1.845e-06 1 0 0 2.436e-06 1 0 0 2.06e-06 0.9665 0.03348 0 1.771e-06 
kgp15789031 156495233 AG 0 0 1 2.7e-08 0 0 1 2.765e-08 0 0 1 1.09e-07 0 0 1 3.639e-08 0 0 1 4.124e-08 0 0 1 1.354e-07 0 0 1 4.997e-08 0 0 1 5.898e-08 0 0 1 2.709e-08 0 0 0 1 0 0 1 4.057e-08 0 0 1 2.82e-07 0 0 1 7.336e-08 0 0 1 3.845e-08 0 0 1 2.023e-07 0 0 1 4.112e-08 0 0 1 5.666e-08 0 0 1 5.629e-08 0 0 1 5.095e-08 0 0 1 8.871e-08 
kgp3951933 157015026 AC 0.9991 0.0008629 0 4.852e-08 0 0 1 3.595e-08 1 0 0 4.856e-08 0.3705 0.6295 0 6.573e-08 0 0.9737 0.02629 1.558e-08 0 0.946 0.05402 3.204e-08 0 0 1 4.054e-08 0 0.4087 0.5913 7.608e-08 0 2.744e-05 1 2.187e-08 0 0.0001012 0.9999 9.801e-08 0.6592 0.3408 0 1.27e-06 0.9022 0.0978 0 1.797e-07 0 0.9918 0.008168 1.542e-08 0.009319 0.9907 0 5.594e-09 0 0.06903 0.931 8.108e-08 0 0.002476 0.9975 1.012e-07 0 0.7415 0.2585 9.287e-07 0 0.9984 0.001606 4.076e-09 0 0.7034 0.2966 6.691e-08 0.01372 0.9863 0 1.057e-08 
rs3176840 158302118 AC 0 6.717e-13 1 4.272e-06 1 0 0 7.562e-08 6.355e-15 1 0 5.076e-07 1 0 0 1.488e-07 1 5.626e-17 0 3.639e-07 0 0 1 3.964e-06 1 0 0 1.442e-07 0.9261 1.338e-12 0 0.07388 0 1 3.281e-05 7.858e-08 1 2.243e-14 0 3.078e-07 1 1.517e-15 0 1.098e-07 1.839e-17 1 0 1.451e-07 0 1 1.975e-05 9.914e-08 0 1 2.392e-05 6.81e-08 0 1 3.277e-05 1.535e-07 0 1 2.794e-05 7.676e-08 1 3.956e-16 0 8.36e-08 1 0 0 2.718e-07 0 7.825e-13 1 3.976e-06 0 0 1 4.332e-06 
kgp2104157 164964659 AT 1 1.15e-06 0 7.989e-08 1 2.014e-06 0 4.407e-08 0.007014 0.993 0 8.144e-07 1 0 0 4.971e-08 1 0 0 4.728e-08 0.9993 0.000677 0 1.081e-07 0 1 3.563e-08 2.294e-05 0.02135 0.9786 0 3.614e-07 1 1.15e-06 0 3.589e-08 1 0 0 7.013e-07 1 0 0 1.769e-07 1 0 0 4.335e-08 1 0 0 1.03e-07 1 0 0 3.807e-08 1 0 0 1.311e-07 1 0 0 3.07e-08 0.9927 0.007286 0 3.186e-07 0.9963 0.003734 0 1.682e-07 1 0 0 3.832e-08 1 8.133e-07 0 3.206e-08 
kgp12514765 167166823 AG 0.399 0.6009 0 2.576e-05 0.6565 0.3435 0 2.534e-05 0.004975 0.9909 0.004153 5.057e-06 0.6253 0.3747 0 2.563e-05 0.6084 0.3915 0 2.624e-05 0.6406 0.3593 0 2.549e-05 0 0.442 0.558 4.078e-05 1 5.767e-06 0 7.526e-07 0.6032 0.3968 0 2.57e-05 1 6.623e-06 0 7.533e-07 0 0.5469 0.453 3.679e-05 0.7186 0.2814 0 2.497e-05 0.6224 0.3776 0 2.556e-05 0.6994 0.3006 0 2.471e-05 0 0.4159 0.5841 4.151e-05 1 5.814e-06 0 7.537e-07 0.7338 0.2662 0 2.44e-05 1 0 0 7.543e-07 0.5922 0.4078 0 2.637e-05 0.752 0.248 0 2.366e-05 
kgp15355160 167410203 AG 0 0 1 1.643e-07 0.0002628 0.9997 0 6.426e-06 0 0.9989 0.0009759 9.528e-05 0 0.000396 0.9996 1.612e-07 0 0.0003285 0.9997 2.054e-07 0 0 1 1.106e-06 0 0.0005034 0.9995 2.176e-07 0 0 1 1.916e-07 0 0 1 1.313e-07 0 0.3605 0.6395 4.799e-05 0 0.0087 0.9913 3.234e-06 0.0001188 0.9999 0 4.784e-06 0 0 1 2.075e-07 0 0 1 3.413e-07 0 0 1 1.822e-07 0 0 1 4.066e-07 0 0.6064 0.3935 4.258e-05 0.001597 0.9984 0 1.613e-05 0 0.003228 0.9968 1.401e-06 0 0.0002848 0.9997 1.61e-07 
kgp9152528 168901561 CG 0 0 1 1.098e-07 0 0 1 1.22e-07 0 3.128e-14 1 3.703e-06 0 3.433e-16 1 3.032e-07 0 0 1 4.363e-07 0 0 1 1.641e-07 0 1 4.251e-12 7.527e-07 0.0002494 0.9998 0 4.331e-07 0 1 1.694e-12 4.162e-07 1 1.785e-12 0 7.376e-06 0.0007058 0.9993 0 9.051e-07 0 0 1 3.649e-07 0.0001199 0.9999 0 3.063e-07 0 1 3.149e-13 2.843e-07 0 1 7.472e-13 5.96e-07 0 0 1 1.409e-07 0 2.688e-17 1 9.584e-08 0 0 1 1.289e-07 0 0 1 2.015e-07 0.000147 0.9999 0 2.632e-07 
kgp8302958 169163045 AG 0 0.01316 0.9868 7.877e-08 0 0.000456 0.9995 2.874e-08 0 0.9963 0.003683 1.036e-07 0 0.0001187 0.9999 7.572e-08 0 0 1 1.836e-08 0 0.000108 0.9999 8.46e-08 0 0.1296 0.8704 1.952e-07 0 0.0006453 0.9994 3.151e-08 0 0 1 7.958e-08 0 0.106 0.894 1.949e-07 0 0 1 1.1e-07 0 0 1 7.958e-08 0 0.001907 0.9981 3.919e-08 0 0 1 2.728e-08 0 0.0004828 0.9995 4.775e-08 0 0 1 1.797e-08 0 0 1 6.86e-08 0 0 1 1.873e-08 8.923e-11 1 0 1.04e-07 0 0 1 2.624e-08 
rs12132205 170624572 AG 3.784e-16 1 0 3.474e-07 1 3.534e-12 0 1.508e-07 1 4.648e-10 0 1.804e-06 1 0 0 1.179e-07 1 0 0 2.734e-07 1 0 0 2.393e-07 2.45e-15 1 0 1.176e-06 0 0.9817 0.01832 3.125e-06 1 5.155e-13 0 1.694e-06 2.907e-16 1 0 5.213e-07 1.451e-15 1 0 1.429e-06 0 0.9994 0.0005855 4.569e-07 1 0 0 1.789e-07 0 1.127e-06 1 8.659e-06 1 0 0 1.643e-07 1 0 0 1.884e-07 3.463e-16 1 0 3.66e-07 1 1.481e-12 0 1.135e-07 4.097e-15 1 0 8.367e-07 1 1.03e-12 0 1.431e-07 
kgp4309209 172319565 AG 0 0 1 5.193e-08 0 0 1 5.11e-08 0 0 1 1.914e-07 0 0 1 5.374e-08 0 0 1 6.886e-07 0 0 1 5.18e-08 0 0 1 1.255e-07 0 0 1 1.057e-07 0 0 1 1.021e-07 0 0 1 2.206e-07 0 0 1 5.049e-07 0 0 1 1.595e-07 0 0 1 5.041e-08 0 0 1 9.11e-08 0 0 1 4.526e-08 0 0 1 6.229e-08 0 0 1 1.439e-07 0 0 1 1.432e-07 0 0 1 1.851e-07 0 0 1 6.764e-08 
kgp6039292 173299233 AG 1 0 0 2.099e-07 0 0.9996 0.0003699 2.283e-07 1.699e-19 1 0 2.727e-07 1 0 0 3.073e-07 1.037e-19 1 0 3.051e-07 0 0.9999 0.0001069 1.092e-07 0 3.108e-16 1 5.163e-06 0 0.9999 0.0001208 1.19e-07 1 3.004e-20 0 4.13e-07 1 0 0 4.695e-07 1 0 0 1.555e-07 1 4.746e-21 0 1.712e-07 0 0.9993 0.0007016 4.056e-07 1 1.268e-20 0 2.029e-07 1.07e-19 1 0 3.611e-07 3.799e-19 1 0 4.81e-07 1 0 0 1.964e-07 0 0.9999 9.897e-05 1.051e-07 0 0.9996 0.0004063 4.586e-07 0 0.9998 0.0002174 2.152e-07 
kgp15855052 175494002 AG 1 0 0 9.376e-08 0.0007364 0.9993 0 7.245e-09 0 2.05e-07 1 3.79e-07 0.9979 0.002127 0 5.824e-08 0.1915 0.8085 0 4.916e-08 0.01544 0.9846 0 1.062e-08 1 5.864e-06 0 3.778e-08 0 1.263e-05 1 1.566e-07 0 0.9956 0.004432 5.846e-09 1 0 0 2.711e-07 0 0.9932 0.00684 5.336e-09 1 0 0 6.763e-08 0.001048 0.999 0 4.019e-09 0 0.9952 0.004809 6.332e-09 0 0 1 6.678e-07 0 0.992 0.007957 6.729e-09 0 0.2801 0.7199 2.991e-07 0 0.9948 0.005193 4.195e-09 0.992 0.007962 0 8.56e-08 0.004156 0.9958 0 4.686e-09 
kgp5349271 177760477 AC 0 0.9998 0.0001635 3.422e-07 1 3.409e-07 0 4.231e-07 7.377e-06 1 0 1.352e-05 0 0.9992 0.0008369 6.803e-07 1 0 0 3.899e-07 0 0.9999 0.0001334 3.343e-07 1 5.251e-07 0 4.56e-07 1 0 0 7.463e-07 1 0 0 7.618e-07 2.952e-12 1 0 2.661e-06 0.9999 6.246e-05 0 1.526e-06 0 2.692e-08 1 5.068e-06 1 7.927e-09 0 1.357e-06 0 0.9991 0.0008513 8.111e-07 0 0.9995 0.0004765 8.232e-07 5.584e-14 1 0 4.744e-07 0 0.9999 0.0001113 3.23e-07 0 0 1 5.068e-06 0 0.9998 0.0002263 4.484e-07 0 0.9997 0.0002735 5.931e-07 
rs10913588 178618316 AC 0 0 1 5.334e-08 0 0 1 4.45e-08 0.0006413 0.9994 0 3.303e-06 0.9973 0.002677 0 1.487e-05 0 0 1 4.58e-08 0 0 1 1.98e-07 0 0.003381 0.9966 9.087e-08 0 0.02836 0.9716 3.613e-07 0 0 1 1.24e-07 1 0 0 1.863e-05 0 0.9948 0.005197 3.288e-06 0 0.001535 0.9985 3.787e-08 0 0 1 1.476e-07 0 0.002039 0.998 5.777e-08 0 0 1 4.058e-08 1 0 0 1.529e-05 0 0.02754 0.9725 5.463e-07 0 0 1 7.58e-08 0 0 1 3.497e-08 0.9982 0.001768 0 1.564e-05 
kgp2716911 184663581 AG 1 1.942e-10 0 6.199e-08 1 2.735e-10 0 7.907e-08 1 1.202e-09 0 4.038e-07 1 0 0 9.133e-08 1 0 0 8.669e-08 1 0 0 1.673e-06 4.081e-17 1 0 1.22e-06 0 0.9983 0.001711 1.333e-06 1 1.701e-09 0 2.454e-07 1.779e-15 1 0 3.331e-06 1.457e-16 1 0 3.761e-06 1 0 0 5.03e-07 1 0 0 7.772e-08 1 9.221e-10 0 1.52e-07 1 1.616e-10 0 6.955e-08 0 0.9994 0.000566 8.316e-07 0 0.9961 0.003892 2.503e-06 1 2.379e-10 0 6.728e-08 1 0 0 1.181e-07 1 5.788e-10 0 1.589e-07 
kgp15345465 187566303 AC 1 0 0 6.656e-08 1 0 0 9.237e-08 1 0 0 1.056e-07 1 0 0 6.006e-08 1 0 0 1.676e-07 1 0 0 4.978e-08 1 0 0 5.783e-08 1 0 0 1.032e-07 1 0 0 3.791e-07 1 0 0 6.786e-08 1 0 0 1.046e-06 1 0 0 3.482e-08 1 0 0 2.419e-07 1 0 0 4.613e-08 1 0 0 2.662e-07 1 0 0 5.132e-08 1 0 0 3.957e-08 1 0 0 1.182e-07 1 0 0 5.121e-08 1 0 0 4.82e-08 
kgp22789617 188948106 AC 0 0 1 3.565e-08 0 1.165e-09 1 1.145e-08 0.004477 0.9955 0 1.354e-08 0 0.9999 9.569e-05 1.417e-08 0.9999 6.891e-05 0 3.302e-08 0 0.9985 0.001514 4.39e-08 0.001167 0.9988 0 2.075e-08 0 1 2.943e-09 1.047e-07 0 0.8306 0.1694 1.013e-07 0.2197 0.7803 0 2.903e-07 0 0.00132 0.9987 5.022e-08 0 0 1 4.774e-08 0.129 0.871 0 3.729e-08 0.004275 0.9957 0 1.159e-08 0 0 1 1.252e-08 0.702 0.298 0 7.262e-08 0.01769 0.9823 0 1.609e-08 0.001714 0.9983 0 1.186e-08 0.0001541 0.9998 0 7.189e-09 0 1 3.665e-05 9.053e-09 
kgp15239983 193179090 AG 0.9789 0.0211 0 1.877e-08 0 1 3.641e-06 1.839e-08 0 1 8.507e-08 1.034e-07 0 0.007277 0.9927 3.384e-08 0 0.008403 0.9916 2.179e-08 0 1 6.737e-06 1.907e-08 0.01059 0.9894 0 3.361e-08 1 0 0 1.624e-08 0 0.9941 0.005887 5.597e-08 1 0 0 2.423e-08 0.9916 0.00838 0 3.615e-08 0.01458 0.9854 0 3.095e-08 0 0 1 3.63e-08 0.7036 0.2964 0 7.374e-08 0 0.3089 0.6911 7.342e-08 0.9011 0.09885 0 2.963e-08 0 1 9.694e-06 1.817e-08 0.0536 0.9464 0 4.082e-08 0.00087 0.9991 0 2.326e-08 0 0 1 3.283e-08 
kgp15814904 197779568 AG 1 0 0 6.261e-08 1 0 0 5.567e-08 1 0 0 5.971e-07 1 0 0 2.319e-07 1 0 0 6.637e-08 1 0 0 1.187e-07 1 0 0 7.166e-08 1 0 0 7.878e-08 1 0 0 7.767e-08 1 0 0 1.295e-07 1 0 0 6.538e-08 1 0 0 7.051e-08 1 0 0 3.3e-07 1 0 0 9.153e-07 1 0 0 8.433e-08 1 0 0 5.839e-08 1 0 0 7.602e-07 1 0 0 1.409e-07 1 0 0 5.835e-08 1 0 0 1.288e-06 
kgp3017018 203189093 AG 0 0 1 1.04e-07 0 0 1 7.017e-08 0.04746 0.9525 0 5.619e-06 0 0.0007265 0.9993 4.954e-08 0 0 1 6.035e-08 0 0.003575 0.9964 1.465e-07 0 0.001358 0.9986 1.698e-07 0 0 1 3.416e-07 0 0 1 7.659e-08 0 0.9945 0.005527 6.281e-06 0 0.9994 0.0006115 5.259e-06 0 0.004264 0.9957 2.432e-07 0 0 1 1.825e-07 0 0.003265 0.9967 1.529e-07 0 0.2299 0.77 3.974e-06 0 0.06145 0.9385 1.328e-06 0 0.2466 0.7534 4.035e-06 0 0 1 3.481e-07 0 0.0009636 0.999 9.34e-08 0 0 1 7.316e-08 
kgp8819381 205131071 AG 0.00103 0.999 0 3.966e-08 0.002074 0.9979 0 4.536e-08 0 0 1 1.511e-05 0.1978 0.8022 0 2.919e-07 1 0 0 1.721e-07 0.9994 0.0006392 0 1.037e-07 0.001601 0.9984 0 8.27e-08 1 0 0 2.923e-07 1 0 0 1.862e-07 0 6.918e-06 1 1.511e-05 0.9926 0.007401 0 4.52e-07 0.09409 0.9059 0 1.673e-07 0 0.9981 0.001878 1.366e-07 1 0 0 7.008e-08 1 0 0 9.687e-08 0.9262 0.07385 0 2.023e-07 0.9996 0.0004297 0 1.146e-07 0.4638 0.5362 0 6.031e-07 1 0 0 1.252e-07 0.9781 0.02187 0 2.683e-07 
kgp11774489 205900503 CG 0 0 1 2.723e-07 0 0 1 1.682e-07 0 1 2.614e-21 4.537e-06 0 0 1 1.223e-07 0 1 8.204e-22 1.411e-06 0.002408 0.9976 0 9.608e-07 0 5.518e-18 1 1.318e-07 0.0009325 0.9991 0 5.807e-07 0.001399 0.9986 0 6.483e-07 0 1.911e-16 1 1.857e-06 0 1 2.669e-22 6.081e-07 0 2.683e-16 1 2.097e-06 0 0 1 2.587e-07 0.00047 0.9995 0 4.069e-07 0 0 1 2.166e-07 0 6.307e-18 1 1.395e-07 1 2.037e-11 0 8.365e-06 0 0 1 3.195e-07 0.0005925 0.9994 0 6.151e-07 0 0 1 1.726e-07 
kgp15643530 207797967 AG 2.204e-05 1 0 5.635e-07 0 0 1 7.215e-08 1.015e-05 1 0 3.418e-07 0 2.552e-11 1 1.827e-07 0 1 6.889e-17 2.796e-07 0 1 7.148e-17 3.025e-07 0 5.258e-12 1 1.233e-07 9.032e-05 0.9999 0 6.167e-06 0 1 1.945e-15 8.496e-07 2.257e-05 1 0 6.249e-07 0 0 1 5.475e-08 0 1.709e-11 1 1.502e-07 0 0 1 7.503e-08 0 1 6.825e-15 2.02e-06 0 0 1 5.926e-07 8.616e-06 1 0 3.38e-07 1.048e-05 1 0 4.45e-07 0 0 1 1.021e-07 0 3.262e-12 1 1.01e-07 0 4.685e-12 1 7.449e-08 
kgp15668148 212974136 AC 1 0 0 3.327e-07 1 0 0 2.146e-07 1 0 0 3.039e-06 1 0 0 1.615e-07 1 0 0 2.988e-07 1 0 0 2.101e-07 1 0 0 7.026e-07 1 0 0 1.374e-06 1 0 0 2.873e-07 1 0 0 2.094e-07 1 0 0 1.43e-06 1 0 0 2.568e-07 1 0 0 3.218e-07 1 0 0 1.977e-07 1 0 0 2.566e-07 1 0 0 1.901e-06 1 0 0 4.158e-07 1 0 0 1.62e-07 1 0 0 6.758e-07 1 0 0 1.68e-07 
kgp8790663 214351650 AG 1 0 0 4.377e-08 1 0 0 1.46e-07 1 0 0 9.668e-07 1 0 0 2.501e-08 1 0 0 7.658e-08 1 0 0 9.153e-08 1 0 0 6.396e-08 1 0 0 2.201e-08 1 0 0 4.065e-08 1 0 0 2.934e-08 1 0 0 2.497e-07 1 0 0 2.493e-08 1 0 0 2.188e-08 1 0 0 3.876e-08 1 0 0 2.8e-07 1 0 0 2.742e-08 1 0 0 3.53e-08 1 0 0 6.265e-08 1 0 0 3.365e-08 1 0 0 2.45e-08 
kgp15636019 216627683 AG 0 3.32e-06 1 2.563e-08 0 0 1 2.832e-08 0 0.6185 0.3805 0.001052 0 1 5.922e-08 9.453e-06 0 0 1 2.747e-07 0 0 1 9.775e-08 0 1.085e-05 1 6.455e-08 0 9.197e-06 1 5.848e-08 0 0 1 3.137e-08 0 3.309e-05 1 2.445e-07 0 2.572e-05 1 1.325e-07 0 0 1 4.286e-08 0 0 1 1.233e-07 0 0 1 3.878e-08 0.0002509 0.9997 0 9.45e-06 0 0 1 3.07e-08 0 0 1 2.301e-08 0 0 1 4.739e-08 0 1.76e-05 1 9.57e-08 0 0 1 4.052e-08 
kgp10423726 217800337 AG 1 0 0 2.475e-08 1 0 0 2.759e-07 1 0 0 6.96e-08 1 0 0 3.279e-08 1 0 0 2.81e-08 1 0 0 2.752e-08 1 0 0 1.166e-07 1 0 0 1.127e-07 1 0 0 6.473e-08 1 0 0 4.772e-08 1 0 0 7.841e-08 1 0 0 1.094e-07 1 0 0 2.699e-08 1 0 0 2.478e-08 1 0 0 5.791e-08 1 0 0 9.068e-08 1 0 0 2.727e-08 1 0 0 1.692e-07 1 0 0 6.328e-08 1 0 0 1.035e-07 
kgp10474308 227102033 AG 0 2.965e-14 1 9.73e-08 0 1 5.576e-17 6.511e-07 1 1.218e-12 0 1.961e-05 0 3.732e-14 1 7.302e-08 0 0 1 5.703e-08 0 0 1 9.245e-07 0 2.608e-14 1 5.747e-08 0 1.944e-13 1 2.157e-07 6.209e-05 0.9999 0 4.971e-07 0 7.853e-13 1 4.492e-07 0 0 1 1.522e-07 0.0001679 0.9998 0 7.541e-07 0 1 1.21e-17 2.716e-07 0 0 1 8.346e-08 0 1 1.681e-16 1.196e-06 0 3.563e-14 1 7.144e-08 3.043e-05 1 0 2.384e-07 0 0 1 1.115e-07 0 3.356e-14 1 6.637e-08 0 0 1 1.134e-07 
kgp3886387 229082805 AG 0.01878 0.9812 0 2.504e-07 0 0.03925 0.9608 8.466e-08 0 0.997 0.002993 3.895e-07 0.003473 0.9965 0 6.171e-08 0 0 1 3.193e-08 0 0.0002896 0.9997 1.368e-07 0 0.9997 0.0002759 4.731e-08 0 0.0005513 0.9994 3.71e-08 0 0.005657 0.9943 4.879e-08 0.01181 0.9882 0 1.816e-07 0 0.8955 0.1045 2.416e-07 0.7039 0.2961 0 9.158e-06 0 0.974 0.02604 1.487e-07 0 0.9902 0.009766 1.703e-07 0.004165 0.9958 0 8.143e-08 0 0.1838 0.8162 2.55e-07 0 0.9995 0.0004501 4.877e-08 0 0 1 2.768e-07 0 0.9997 0.0002678 5.946e-08 0 0.002604 0.9974 3.447e-08 
rs4259658 230872906 AG 1.863e-18 1 0 5.337e-07 0 0 1 8.871e-06 2.118e-16 1 0 1.63e-06 1 0 0 9.876e-08 9.802e-19 1 0 5.002e-07 1 0 0 2.811e-07 1 2.973e-08 0 5.627e-07 0 0.982 0.01798 3.316e-06 1 0 0 1.15e-07 1 6.1e-07 0 1.306e-06 1 6.78e-08 0 2.675e-07 1 0 0 9.274e-08 1 0 0 4.976e-07 1 0 0 8.851e-08 1.282e-17 1 0 9.297e-07 0 0.9996 0.0003992 4.427e-07 0 3.016e-06 1 8.871e-06 1 0 0 9.416e-08 6.596e-18 1 0 1.597e-06 1 0 0 2.201e-07 
kgp6859563 233412961 AG 0 0 1 9.468e-08 0 0 1 1.823e-07 0 0 1 4.472e-06 0 0 1 7.6e-08 0 0 1 1.23e-07 0 0 1 7.172e-08 0 0 1 6.147e-08 0 0 1 1.777e-07 0 0 1 1.871e-07 0 0 1 3.057e-07 0 0 1 2.506e-07 0 0 1 8.807e-08 0 0 1 8.135e-08 0 0 1 8.274e-08 0 0 1 6.551e-08 0 0 1 1.001e-07 0 0 1 3.888e-07 0 0 0 1 0 0 1 7.67e-08 0 0 1 5.616e-08 
rs8722 234744250 AG 0 0 1 5.959e-07 0 0 1 9.406e-07 1 2.243e-11 0 2.305e-05 0 0 1 5.058e-07 0 0.8052 0.1948 1.825e-06 0 0.7425 0.2575 1.057e-06 0 0.7495 0.2505 1.575e-06 0 0.001972 0.998 1.036e-06 0 0 1 4.026e-07 0 0.9804 0.01959 5.42e-07 0.005424 0.9946 0 1.172e-06 0 0.9578 0.04216 1.14e-06 0 0.001686 0.9983 4.859e-07 0 0.0752 0.9248 2.467e-06 0 0 1 4.585e-07 0 0.6784 0.3216 1.868e-06 0 0.9948 0.005163 3.728e-07 0 0.00054 0.9995 3.263e-07 0 0.01133 0.9887 2.528e-06 0 0.002126 0.9979 4.713e-07 
rs4567344 235270774 AG 1 0 0 1.214e-07 1 0 0 1.889e-07 1 0 0 6.445e-06 1 0 0 8.264e-08 1 0 0 1.914e-07 1 0 0 6.335e-07 1 0 0 1.969e-07 1 0 0 1.144e-07 1 0 0 2.14e-07 1 0 0 8.215e-08 1 0 0 9.411e-08 1 0 0 1.374e-07 1 0 0 1.406e-07 1 0 0 3.049e-07 1 0 0 9.462e-07 1 0 0 1.239e-07 1 0 0 1.037e-07 1 0 0 2.169e-07 1 0 0 1.969e-07 1 0 0 1.51e-07 
rs12088737 235827945 AG 1 5.915e-17 0 6.106e-06 1.271e-05 1 0 9.751e-08 0 6.732e-11 1 3.502e-06 0 3.654e-15 1 2.563e-07 0 0 1 4.367e-07 0.0003727 0.9996 0 1.26e-06 2.631e-05 1 0 2.362e-07 0 0 1 2.965e-07 6.544e-05 0.9999 0 5.795e-07 0 4.751e-14 1 5.803e-07 0 1 5.953e-15 2.751e-07 1.36e-05 1 0 1.248e-07 0 1 1.004e-14 3.283e-07 0 1 5.603e-16 1.134e-07 0 0 1 2.435e-07 0 1 4.56e-16 1.293e-07 3.352e-05 1 0 1.798e-07 0 1 1.157e-15 1.814e-07 0 7.577e-15 1 4.139e-07 0 0 1 4.653e-07 
kgp15559563 236296258 AG 0 0 1 9.364e-08 0 0 1 1.972e-07 0 1.55e-05 1 1.502e-07 0 0 1 1.061e-07 0 0 1 3.473e-07 0 0 1 1.344e-07 0 0.000178 0.9998 9.045e-07 0 0 1 1.616e-07 0 0 1 2.229e-07 0 1 1.071e-05 1.098e-05 0 1 3.603e-06 7.769e-06 0 0.002433 0.9976 4.006e-06 0 0 1 2.487e-07 0 1.665e-05 1 1.691e-07 0 2.887e-05 1 1.586e-07 0 8.709e-05 0.9999 7.026e-07 0 2.028e-05 1 1.442e-07 0 0 1 1.071e-07 0.0006043 0.9994 0 7.429e-06 0 0 1 3.451e-07 
rs2618666 237708177 AG 0 2.922e-11 1 9.217e-08 0 1.375e-10 1 2.301e-07 1 0 0 7.531e-06 0 1 3.201e-19 3.945e-07 0 0 1 2.152e-07 5.46e-05 0.9999 0 1.182e-06 0 0 1 1.197e-07 0 0 1 5.574e-07 2.939e-05 1 0 3.567e-07 0 1.016e-09 1 6.648e-07 0 1 4.268e-15 5.519e-06 4.204e-05 1 0 5.384e-07 1 1.489e-11 0 7.531e-06 0 0 1 1.149e-07 0.0001307 0.9999 0 8.447e-07 0.0002326 0.9998 0 2.176e-06 0 9.892e-10 1 5.664e-07 2.195e-05 1 0 3.248e-07 0 1 7.124e-19 3.898e-07 0 0 1 1.05e-07 
kgp11811551 238524429 AG 1 1.46e-14 0 1.61e-07 1.734e-17 1 0 1.132e-07 1 9.538e-14 0 4.654e-07 1 0 0 6.199e-08 0 1 3.725e-05 2.057e-07 1 0 0 6.029e-08 8.06e-17 1 0 1.893e-07 4.029e-16 1 0 1.038e-06 1 0 0 5.465e-08 1 3.052e-15 0 5.826e-08 1 0 0 4.218e-08 2.165e-17 1 0 1.042e-07 1 1.458e-15 0 7.027e-08 1 0 0 7.434e-08 0 1.173e-14 1 1.025e-05 1 0 0 7.152e-08 0 0.9999 7.424e-05 3.618e-07 1 0 0 1.356e-07 3.435e-17 1 0 1.484e-07 1 0 0 8.962e-08 
rs12080951 239778660 AG 0 1.595e-15 1 3.718e-08 0 0 1 2.816e-08 0 2.234e-12 2.072e-06 1 0 5.629e-15 1 8.139e-08 5.433e-06 1 0 8.748e-08 0 0 1 1.301e-07 1.225e-06 1 0 3.162e-08 0 3.552e-15 1 7.601e-08 0 8.071e-15 1 9.607e-08 1 8.221e-17 0 1.619e-05 0 1.677e-15 1 2.166e-07 0 0 1 3.449e-08 0 0 1 1.244e-07 0 7.715e-16 1 2.792e-08 0 0 1 4.515e-08 0 1 2.432e-17 1.388e-07 0 1 3.033e-18 1.114e-07 1.785e-06 1 0 3.971e-08 0 1 3.291e-18 9.229e-08 0 0 1 1.115e-07 
kgp15188195 240228746 AG 0.01724 0.9828 0 6.521e-09 0 0.9648 0.03522 1.861e-08 1 0 0 1.592e-07 1 3.893e-08 0 7.959e-08 0 0 1 2.86e-08 0 0.0005686 0.9994 3.245e-08 0.01955 0.9805 0 8.888e-09 0.2034 0.7966 0 6.059e-08 0 0.9855 0.01448 1.182e-08 0.01547 0.9845 0 5.181e-08 0.007666 0.9923 0 5.117e-09 1 2.265e-05 0 9.926e-08 0 0.1286 0.8714 6.432e-08 0 0 1 1.172e-08 0.1968 0.8032 0 1.108e-07 0 0.0005894 0.9994 1.463e-08 0.01203 0.988 0 5.954e-09 0 1.733e-05 1 8.619e-09 1 0 0 6.955e-08 0.02316 0.9768 0 8.117e-09 
kgp9241595 240727983 AC 6.606e-07 1 0 4.788e-08 8.307e-07 1 0 5.389e-08 0 9.347e-24 1 7.465e-06 0 0 1 7.041e-08 0 1 4.66e-20 6.773e-08 0 1.672e-20 1 1.389e-07 0 0 1 1.231e-07 0 3.37e-20 1 1.602e-07 0 0 1 7.573e-08 0 0 1 9.212e-08 0 4.921e-23 1 1.422e-06 0 0 1 9.908e-08 0 0 1 1.246e-07 0 0 1 8.813e-08 0 0 1 1.072e-07 0 1.288e-20 1 1.137e-07 6.969e-07 1 0 4.732e-08 0 0 1 7.151e-08 0 7.179e-21 1 2.037e-07 0 1 2.177e-19 1.307e-07 
kgp15919309 241657393 AG 0 5.821e-06 1 2.632e-08 0 0 1 2.232e-08 0 4.01e-05 1 1.887e-07 0 2.165e-06 1 1.004e-08 0 1.738e-06 1 8.98e-09 0 0 1 4.251e-08 0.0001312 0.9999 0 9.711e-06 0 9.155e-06 1 3.544e-08 0 0 1 3.355e-08 0 0 1 7.949e-09 0 0 1 7.721e-09 0 1 3.988e-08 9.712e-06 0 0 1 1.096e-08 0 0 1 1.37e-08 0 1.403e-06 1 7.399e-09 0 0 1 7.846e-09 0 1.944e-06 1 9.331e-09 0 0 1 1.001e-08 0 1.754e-05 1 6.468e-08 0 0 1 3.059e-08 
rs316840 242322529 AG 1 0 0 9.275e-06 0 0 1 1.333e-07 1 1.176e-11 0 1.236e-05 0 2.498e-11 1 3.335e-07 0 1 1.002e-16 7.169e-07 0 0 1 8.237e-07 9.434e-05 0.9999 0 4.791e-07 0 3.667e-12 1 1.019e-07 1.274e-05 1 0 1.444e-07 0 1.178e-12 1 6.437e-08 0 4.732e-12 1 1.192e-07 1 0 0 8.696e-06 3.539e-05 1 0 2.956e-07 0 1 5.183e-17 4.991e-07 0 0 1 1.125e-07 0 0 1 1.753e-07 0 1 4.204e-18 1.525e-07 0 0 1 9.166e-08 0 2.733e-12 1 9.17e-08 0 0 1 6.73e-08 
kgp15317168 244889033 AC 0 5.334e-23 1 4.012e-08 0 0 1 5.942e-08 0 3.559e-22 1 1.449e-07 0 5.688e-23 1 4.076e-08 0 0 1 5.394e-08 0 0 1 3.409e-08 0 0 1 4.189e-08 1 1.816e-21 0 1.775e-05 0 0 1 4.627e-08 0 3.237e-22 1 1.28e-07 0 4.863e-23 1 5.026e-08 6.162e-06 1 0 1.218e-07 3.734e-06 1 0 8.887e-08 0 0 1 5.572e-07 0 0 1 9.164e-08 0 9.56e-22 1 4.239e-07 1.287e-05 1 0 2.796e-07 0 1 2.211e-22 6.461e-08 0 9.601e-23 1 1.132e-07 0 1 1.525e-21 2.195e-07 
kgp15853089 246657287 AG 1 9.918e-19 0 1.1e-06 1 2.077e-20 0 8.531e-08 1 0 0 9.433e-07 7.946e-20 1 0 4.145e-07 1 4.652e-20 0 1.6e-07 1 0 0 9.096e-08 1 1.753e-20 0 8.119e-08 0 1 2.375e-05 3.878e-07 1 0 0 3.673e-07 1.578e-19 1 0 5.816e-07 1 0 0 8.086e-08 1 6.769e-21 0 6.346e-07 1 0 0 3.449e-07 1.567e-18 1 0 9.061e-07 0 1 2.588e-05 3.351e-07 1 0 0 7.266e-08 1 1.991e-20 0 8.851e-08 1 2.683e-20 0 9.609e-08 1 0 0 8.255e-08 0 1 2.841e-05 3.941e-07 
