ecp	concord	id
0.000	0.000	0.00000000
0.000	0.038	1.00000000
0.000	0.077	1.00000000
0.000	0.115	1.00000000
0.000	0.154	1.00000000
0.000	0.192	1.00000000
0.000	0.231	1.00000000
0.000	0.269	1.00000000
0.000	0.308	1.00000000
0.000	0.346	1.00000000
0.000	0.385	1.00000000
0.000	0.423	1.00000000
0.000	0.462	1.00000000
0.000	0.500	1.00000000
0.000	0.538	1.00000000
0.000	0.577	1.00000000
0.000	0.615	1.00000000
0.000	0.654	1.00000000
0.000	0.692	1.00000000
0.000	0.731	1.00000000
0.000	0.769	1.00000000
0.000	0.808	1.00000000
0.000	0.846	1.00000000
0.000	0.885	1.00000000
0.000	0.923	1.00000000
0.000	0.962	1.00000000
0.000	1.000	1.00000000
0.050	0.000	0.00000000
0.050	0.038	0.00000000
0.050	0.077	0.00000000
0.050	0.115	0.00000000
0.050	0.154	0.00000000
0.050	0.192	0.00000000
0.050	0.231	0.00000000
0.050	0.269	0.00000000
0.050	0.308	0.00000000
0.050	0.346	0.00000000
0.050	0.385	0.00000000
0.050	0.423	0.00000000
0.050	0.462	0.00000000
0.050	0.500	0.00000014
0.050	0.538	0.00026071
0.050	0.577	0.32909151
0.050	0.615	0.99891735
0.050	0.654	0.99999942
0.050	0.692	1.00000000
0.050	0.731	1.00000000
0.050	0.769	1.00000000
0.050	0.808	1.00000000
0.050	0.846	1.00000000
0.050	0.885	1.00000000
0.050	0.923	1.00000000
0.050	0.962	1.00000000
0.050	1.000	1.00000000
0.100	0.000	0.00000000
0.100	0.038	0.00000000
0.100	0.077	0.00000000
0.100	0.115	0.00000000
0.100	0.154	0.00000000
0.100	0.192	0.00000000
0.100	0.231	0.00000000
0.100	0.269	0.00000000
0.100	0.308	0.00000000
0.100	0.346	0.00000000
0.100	0.385	0.00000000
0.100	0.423	0.00000000
0.100	0.462	0.00000000
0.100	0.500	0.00000000
0.100	0.538	0.00000003
0.100	0.577	0.00002713
0.100	0.615	0.02360472
0.100	0.654	0.95563494
0.100	0.692	0.99994790
0.100	0.731	0.99999994
0.100	0.769	1.00000000
0.100	0.808	1.00000000
0.100	0.846	1.00000000
0.100	0.885	1.00000000
0.100	0.923	1.00000000
0.100	0.962	1.00000000
0.100	1.000	1.00000000
0.150	0.000	0.00000000
0.150	0.038	0.00000000
0.150	0.077	0.00000000
0.150	0.115	0.00000000
0.150	0.154	0.00000000
0.150	0.192	0.00000000
0.150	0.231	0.00000000
0.150	0.269	0.00000000
0.150	0.308	0.00000000
0.150	0.346	0.00000000
0.150	0.385	0.00000000
0.150	0.423	0.00000000
0.150	0.462	0.00000000
0.150	0.500	0.00000000
0.150	0.538	0.00000000
0.150	0.577	0.00000012
0.150	0.615	0.00006518
0.150	0.654	0.03527878
0.150	0.692	0.95352112
0.150	0.731	0.99991312
0.150	0.769	0.99999985
0.150	0.808	1.00000000
0.150	0.846	1.00000000
0.150	0.885	1.00000000
0.150	0.923	1.00000000
0.150	0.962	1.00000000
0.150	1.000	1.00000000
0.200	0.000	0.00000000
0.200	0.038	0.00000000
0.200	0.077	0.00000000
0.200	0.115	0.00000000
0.200	0.154	0.00000000
0.200	0.192	0.00000000
0.200	0.231	0.00000000
0.200	0.269	0.00000000
0.200	0.308	0.00000000
0.200	0.346	0.00000000
0.200	0.385	0.00000000
0.200	0.423	0.00000000
0.200	0.462	0.00000000
0.200	0.500	0.00000000
0.200	0.538	0.00000000
0.200	0.577	0.00000000
0.200	0.615	0.00000120
0.200	0.654	0.00047414
0.200	0.692	0.15814215
0.200	0.731	0.98673533
0.200	0.769	0.99996605
0.200	0.808	0.99999991
0.200	0.846	1.00000000
0.200	0.885	1.00000000
0.200	0.923	1.00000000
0.200	0.962	1.00000000
0.200	1.000	1.00000000
0.250	0.000	0.00000000
0.250	0.038	0.00000000
0.250	0.077	0.00000000
0.250	0.115	0.00000000
0.250	0.154	0.00000000
0.250	0.192	0.00000000
0.250	0.231	0.00000000
0.250	0.269	0.00000000
0.250	0.308	0.00000000
0.250	0.346	0.00000000
0.250	0.385	0.00000000
0.250	0.423	0.00000000
0.250	0.462	0.00000000
0.250	0.500	0.00000000
0.250	0.538	0.00000000
0.250	0.577	0.00000000
0.250	0.615	0.00000006
0.250	0.654	0.00001909
0.250	0.692	0.00563901
0.250	0.731	0.62746094
0.250	0.769	0.99800492
0.250	0.808	0.99999327
0.250	0.846	0.99999998
0.250	0.885	1.00000000
0.250	0.923	1.00000000
0.250	0.962	1.00000000
0.250	1.000	1.00000000
0.300	0.000	0.00000000
0.300	0.038	0.00000000
0.300	0.077	0.00000000
0.300	0.115	0.00000000
0.300	0.154	0.00000000
0.300	0.192	0.00000000
0.300	0.231	0.00000000
0.300	0.269	0.00000000
0.300	0.308	0.00000000
0.300	0.346	0.00000000
0.300	0.385	0.00000000
0.300	0.423	0.00000000
0.300	0.462	0.00000000
0.300	0.500	0.00000000
0.300	0.538	0.00000000
0.300	0.577	0.00000000
0.300	0.615	0.00000001
0.300	0.654	0.00000160
0.300	0.692	0.00036978
0.300	0.731	0.07872339
0.300	0.769	0.95178173
0.300	0.808	0.99978074
0.300	0.846	0.99999905
0.300	0.885	1.00000000
0.300	0.923	1.00000000
0.300	0.962	1.00000000
0.300	1.000	1.00000000
0.350	0.000	0.00000000
0.350	0.038	0.00000000
0.350	0.077	0.00000000
0.350	0.115	0.00000000
0.350	0.154	0.00000000
0.350	0.192	0.00000000
0.350	0.231	0.00000000
0.350	0.269	0.00000000
0.350	0.308	0.00000000
0.350	0.346	0.00000000
0.350	0.385	0.00000000
0.350	0.423	0.00000000
0.350	0.462	0.00000000
0.350	0.500	0.00000000
0.350	0.538	0.00000000
0.350	0.577	0.00000000
0.350	0.615	0.00000000
0.350	0.654	0.00000023
0.350	0.692	0.00004174
0.350	0.731	0.00761548
0.350	0.769	0.58521816
0.350	0.808	0.99615983
0.350	0.846	0.99997903
0.350	0.885	0.99999989
0.350	0.923	1.00000000
0.350	0.962	1.00000000
0.350	1.000	1.00000000
0.400	0.000	0.00000000
0.400	0.038	0.00000000
0.400	0.077	0.00000000
0.400	0.115	0.00000000
0.400	0.154	0.00000000
0.400	0.192	0.00000000
0.400	0.231	0.00000000
0.400	0.269	0.00000000
0.400	0.308	0.00000000
0.400	0.346	0.00000000
0.400	0.385	0.00000000
0.400	0.423	0.00000000
0.400	0.462	0.00000000
0.400	0.500	0.00000000
0.400	0.538	0.00000000
0.400	0.577	0.00000000
0.400	0.615	0.00000000
0.400	0.654	0.00000005
0.400	0.692	0.00000716
0.400	0.731	0.00106180
0.400	0.769	0.13632679
0.400	0.808	0.95908352
0.400	0.846	0.99971280
0.400	0.885	0.99999807
0.400	0.923	0.99999999
0.400	0.962	1.00000000
0.400	1.000	1.00000000
0.450	0.000	0.00000000
0.450	0.038	0.00000000
0.450	0.077	0.00000000
0.450	0.115	0.00000000
0.450	0.154	0.00000000
0.450	0.192	0.00000000
0.450	0.231	0.00000000
0.450	0.269	0.00000000
0.450	0.308	0.00000000
0.450	0.346	0.00000000
0.450	0.385	0.00000000
0.450	0.423	0.00000000
0.450	0.462	0.00000000
0.450	0.500	0.00000000
0.450	0.538	0.00000000
0.450	0.577	0.00000000
0.450	0.615	0.00000000
0.450	0.654	0.00000001
0.450	0.692	0.00000172
0.450	0.731	0.00020847
0.450	0.769	0.02460886
0.450	0.808	0.75325688
0.450	0.846	0.99730013
0.450	0.885	0.99997763
0.450	0.923	0.99999982
0.450	0.962	1.00000000
0.450	1.000	1.00000000
0.500	0.000	0.00000000
0.500	0.038	0.00000000
0.500	0.077	0.00000000
0.500	0.115	0.00000000
0.500	0.154	0.00000000
0.500	0.192	0.00000000
0.500	0.231	0.00000000
0.500	0.269	0.00000000
0.500	0.308	0.00000000
0.500	0.346	0.00000000
0.500	0.385	0.00000000
0.500	0.423	0.00000000
0.500	0.462	0.00000000
0.500	0.500	0.00000000
0.500	0.538	0.00000000
0.500	0.577	0.00000000
0.500	0.615	0.00000000
0.500	0.654	0.00000001
0.500	0.692	0.00000055
0.500	0.731	0.00005489
0.500	0.769	0.00540462
0.500	0.808	0.34979022
0.500	0.846	0.98156973
0.500	0.885	0.99981038
0.500	0.923	0.99999808
0.500	0.962	0.99999998
0.500	1.000	1.00000000
0.550	0.000	0.00000000
0.550	0.038	0.00000000
0.550	0.077	0.00000000
0.550	0.115	0.00000000
0.550	0.154	0.00000000
0.550	0.192	0.00000000
0.550	0.231	0.00000000
0.550	0.269	0.00000000
0.550	0.308	0.00000000
0.550	0.346	0.00000000
0.550	0.385	0.00000000
0.550	0.423	0.00000000
0.550	0.462	0.00000000
0.550	0.500	0.00000000
0.550	0.538	0.00000000
0.550	0.577	0.00000000
0.550	0.615	0.00000000
0.550	0.654	0.00000000
0.550	0.692	0.00000023
0.550	0.731	0.00001876
0.550	0.769	0.00151758
0.550	0.808	0.10961569
0.550	0.846	0.90885853
0.550	0.885	0.99876349
0.550	0.923	0.99998472
0.550	0.962	0.99999981
0.550	1.000	1.00000000
0.600	0.000	0.00000000
0.600	0.038	0.00000000
0.600	0.077	0.00000000
0.600	0.115	0.00000000
0.600	0.154	0.00000000
0.600	0.192	0.00000000
0.600	0.231	0.00000000
0.600	0.269	0.00000000
0.600	0.308	0.00000000
0.600	0.346	0.00000000
0.600	0.385	0.00000000
0.600	0.423	0.00000000
0.600	0.462	0.00000000
0.600	0.500	0.00000000
0.600	0.538	0.00000000
0.600	0.577	0.00000000
0.600	0.615	0.00000000
0.600	0.654	0.00000000
0.600	0.692	0.00000012
0.600	0.731	0.00000819
0.600	0.769	0.00054041
0.600	0.808	0.03445640
0.600	0.846	0.70196202
0.600	0.885	0.99360811
0.600	0.923	0.99990254
0.600	0.962	0.99999852
0.600	1.000	0.99999998
0.650	0.000	0.00000000
0.650	0.038	0.00000000
0.650	0.077	0.00000000
0.650	0.115	0.00000000
0.650	0.154	0.00000000
0.650	0.192	0.00000000
0.650	0.231	0.00000000
0.650	0.269	0.00000000
0.650	0.308	0.00000000
0.650	0.346	0.00000000
0.650	0.385	0.00000000
0.650	0.423	0.00000000
0.650	0.462	0.00000000
0.650	0.500	0.00000000
0.650	0.538	0.00000000
0.650	0.577	0.00000000
0.650	0.615	0.00000000
0.650	0.654	0.00000000
0.650	0.692	0.00000009
0.650	0.731	0.00000456
0.650	0.769	0.00024297
0.650	0.808	0.01278978
0.650	0.846	0.40850342
0.650	0.885	0.97355597
0.650	0.923	0.99949072
0.650	0.962	0.99999044
0.650	1.000	0.99999982
0.700	0.000	0.00000000
0.700	0.038	0.00000000
0.700	0.077	0.00000000
0.700	0.115	0.00000000
0.700	0.154	0.00000000
0.700	0.192	0.00000000
0.700	0.231	0.00000000
0.700	0.269	0.00000000
0.700	0.308	0.00000000
0.700	0.346	0.00000000
0.700	0.385	0.00000000
0.700	0.423	0.00000000
0.700	0.462	0.00000000
0.700	0.500	0.00000000
0.700	0.538	0.00000000
0.700	0.577	0.00000000
0.700	0.615	0.00000000
0.700	0.654	0.00000000
0.700	0.692	0.00000008
0.700	0.731	0.00000328
0.700	0.769	0.00013918
0.700	0.808	0.00587154
0.700	0.846	0.20037884
0.700	0.885	0.91403225
0.700	0.923	0.99778816
0.700	0.962	0.99994776
0.700	1.000	0.99999877
0.750	0.000	0.00000000
0.750	0.038	0.00000000
0.750	0.077	0.00000000
0.750	0.115	0.00000000
0.750	0.154	0.00000000
0.750	0.192	0.00000000
0.750	0.231	0.00000000
0.750	0.269	0.00000000
0.750	0.308	0.00000000
0.750	0.346	0.00000000
0.750	0.385	0.00000000
0.750	0.423	0.00000000
0.750	0.462	0.00000000
0.750	0.500	0.00000000
0.750	0.538	0.00000000
0.750	0.577	0.00000000
0.750	0.615	0.00000000
0.750	0.654	0.00000000
0.750	0.692	0.00000010
0.750	0.731	0.00000317
0.750	0.769	0.00010458
0.750	0.808	0.00343947
0.750	0.846	0.10224868
0.750	0.885	0.78985014
0.750	0.923	0.99200197
0.750	0.962	0.99975574
0.750	1.000	0.99999260
0.800	0.000	0.00000000
0.800	0.038	0.00000000
0.800	0.077	0.00000000
0.800	0.115	0.00000000
0.800	0.154	0.00000000
0.800	0.192	0.00000000
0.800	0.231	0.00000000
0.800	0.269	0.00000000
0.800	0.308	0.00000000
0.800	0.346	0.00000000
0.800	0.385	0.00000000
0.800	0.423	0.00000000
0.800	0.462	0.00000000
0.800	0.500	0.00000000
0.800	0.538	0.00000000
0.800	0.577	0.00000000
0.800	0.615	0.00000000
0.800	0.654	0.00000001
0.800	0.692	0.00000018
0.800	0.731	0.00000443
0.800	0.769	0.00010973
0.800	0.808	0.00270867
0.800	0.846	0.06298761
0.800	0.885	0.62458773
0.800	0.923	0.97629069
0.800	0.962	0.99901975
0.800	1.000	0.99996036
0.850	0.000	0.00000000
0.850	0.038	0.00000000
0.850	0.077	0.00000000
0.850	0.115	0.00000000
0.850	0.154	0.00000000
0.850	0.192	0.00000000
0.850	0.231	0.00000000
0.850	0.269	0.00000000
0.850	0.308	0.00000000
0.850	0.346	0.00000000
0.850	0.385	0.00000000
0.850	0.423	0.00000000
0.850	0.462	0.00000000
0.850	0.500	0.00000000
0.850	0.538	0.00000000
0.850	0.577	0.00000000
0.850	0.615	0.00000000
0.850	0.654	0.00000003
0.850	0.692	0.00000060
0.850	0.731	0.00001050
0.850	0.769	0.00018337
0.850	0.808	0.00319397
0.850	0.846	0.05301181
0.850	0.885	0.49443695
0.850	0.923	0.94470894
0.850	0.962	0.99666115
0.850	1.000	0.99980828
0.900	0.000	0.00000000
0.900	0.038	0.00000000
0.900	0.077	0.00000000
0.900	0.115	0.00000000
0.900	0.154	0.00000000
0.900	0.192	0.00000000
0.900	0.231	0.00000000
0.900	0.269	0.00000000
0.900	0.308	0.00000000
0.900	0.346	0.00000000
0.900	0.385	0.00000000
0.900	0.423	0.00000000
0.900	0.462	0.00000000
0.900	0.500	0.00000000
0.900	0.538	0.00000000
0.900	0.577	0.00000000
0.900	0.615	0.00000005
0.900	0.654	0.00000050
0.900	0.692	0.00000550
0.900	0.731	0.00006054
0.900	0.769	0.00066558
0.900	0.808	0.00727296
0.900	0.846	0.07457853
0.900	0.885	0.46991108
0.900	0.923	0.90698743
0.900	0.962	0.99076328
0.900	1.000	0.99915319
0.950	0.000	0.00000000
0.950	0.038	0.00000000
0.950	0.077	0.00000000
0.950	0.115	0.00000000
0.950	0.154	0.00000000
0.950	0.192	0.00000000
0.950	0.231	0.00000000
0.950	0.269	0.00000000
0.950	0.308	0.00000000
0.950	0.346	0.00000000
0.950	0.385	0.00000000
0.950	0.423	0.00000001
0.950	0.462	0.00000003
0.950	0.500	0.00000014
0.950	0.538	0.00000072
0.950	0.577	0.00000376
0.950	0.615	0.00001961
0.950	0.654	0.00010218
0.950	0.692	0.00053217
0.950	0.731	0.00276670
0.950	0.769	0.01424996
0.950	0.808	0.07004700
0.950	0.846	0.28185339
0.950	0.885	0.67159197
0.950	0.923	0.91420350
0.950	0.962	0.98230737
0.950	1.000	0.99655519
